1 0.875 0.555 0.875 0.565 0.87 0.57 0.87 0.585 0.865 0.59 0.865 0.605 0.87 0.61 0.87 0.62 0.875 0.625 0.875 0.63 0.875 0.62 0.88 0.615 0.88 0.585 0.875 0.58
1 0.685 0.31 0.685 0.335 0.68 0.34 0.68 0.415 0.68 0.405 0.685 0.4 0.685 0.38 0.69 0.375 0.69 0.34 0.685 0.335
1 0.595 0.215 0.595 0.245 0.6 0.25 0.6 0.305 0.595 0.31 0.595 0.345 0.59 0.35 0.59 0.37 0.585 0.375 0.585 0.39 0.58 0.395 0.58 0.405 0.575 0.41 0.575 0.425 0.58 0.43 0.58 0.45 0.585 0.455 0.585 0.48 0.58 0.485 0.58 0.51 0.575 0.515 0.575 0.6 0.57 0.605 0.57 0.72 0.565 0.725 0.565 0.78 0.57 0.785 0.57 0.8 0.575 0.805 0.575 0.845 0.575 0.84 0.58 0.835 0.58 0.825 0.585 0.82 0.585 0.815 0.59 0.81 0.59 0.785 0.585 0.78 0.585 0.735 0.59 0.73 0.59 0.685 0.595 0.68 0.595 0.625 0.6 0.62 0.6 0.58 0.605 0.575 0.605 0.57 0.61 0.565 0.61 0.56 0.615 0.555 0.615 0.545 0.62 0.54 0.62 0.525 0.625 0.52 0.625 0.505 0.63 0.5 0.63 0.425 0.625 0.42 0.625 0.395 0.62 0.39 0.62 0.355 0.615 0.35 0.615 0.295 0.61 0.29 0.61 0.245 0.605 0.24 0.605 0.215
1 0.645 0.11 0.645 0.12 0.64 0.125 0.64 0.14 0.635 0.145 0.635 0.17 0.63 0.175 0.63 0.2 0.635 0.205 0.635 0.21 0.64 0.215 0.64 0.225 0.645 0.23 0.645 0.26 0.655 0.25 0.655 0.245 0.66 0.24 0.66 0.215 0.655 0.21 0.655 0.185 0.65 0.18 0.65 0.14 0.645 0.135
1 0.695 0.105 0.685 0.115 0.68 0.115 0.68 0.135 0.675 0.14 0.675 0.19 0.68 0.195 0.68 0.205 0.685 0.21 0.685 0.2 0.69 0.195 0.69 0.14 0.695 0.135
1 0.9 0.085 0.9 0.125 0.905 0.13 0.905 0.175 0.905 0.16 0.91 0.155 0.91 0.13 0.905 0.125 0.905 0.1 0.9 0.095
1 0.405 0.065 0.405 0.07 0.4 0.075 0.4 0.08 0.395 0.085 0.395 0.09 0.39 0.095 0.39 0.1 0.385 0.105 0.385 0.115 0.38 0.12 0.38 0.13 0.375 0.135 0.375 0.145 0.37 0.15 0.37 0.165 0.365 0.17 0.365 0.195 0.36 0.2 0.36 0.24 0.365 0.245 0.365 0.25 0.37 0.255 0.37 0.265 0.365 0.27 0.365 0.275 0.36 0.28 0.36 0.285 0.355 0.29 0.355 0.295 0.35 0.3 0.35 0.305 0.345 0.31 0.345 0.34 0.34 0.345 0.34 0.39 0.345 0.395 0.345 0.415 0.35 0.42 0.35 0.425 0.355 0.43 0.355 0.435 0.36 0.44 0.36 0.455 0.365 0.46 0.365 0.5 0.36 0.505 0.36 0.525 0.355 0.53 0.355 0.535 0.345 0.545 0.345 0.55 0.34 0.555 0.34 0.56 0.335 0.565 0.335 0.575 0.33 0.58 0.33 0.615 0.335 0.62 0.335 0.63 0.34 0.625 0.345 0.625 0.35 0.63 0.35 0.645 0.345 0.65 0.345 0.685 0.35 0.69 0.35 0.725 0.355 0.73 0.355 0.845 0.35 0.85 0.35 0.895 0.355 0.9 0.355 0.95 0.35 0.955 0.35 0.965 0.345 0.97 0.345 0.99 0.375 0.99 0.38 0.995 0.385 0.99 0.41 0.99 0.41 0.965 0.405 0.96 0.405 0.91 0.4 0.905 0.4 0.865 0.395 0.86 0.395 0.695 0.4 0.69 0.4 0.675 0.405 0.67 0.405 0.655 0.41 0.65 0.41 0.63 0.415 0.625 0.415 0.6 0.42 0.595 0.42 0.575 0.415 0.57 0.415 0.545 0.41 0.54 0.41 0.52 0.405 0.515 0.405 0.5 0.4 0.495 0.4 0.48 0.395 0.475 0.395 0.365 0.4 0.36 0.4 0.335 0.405 0.33 0.405 0.32 0.41 0.315 0.41 0.31 0.415 0.305 0.415 0.295 0.42 0.29 0.42 0.28 0.425 0.275 0.425 0.27 0.43 0.265 0.43 0.23 0.435 0.225 0.435 0.185 0.43 0.18 0.43 0.165 0.425 0.16 0.425 0.14 0.42 0.135 0.42 0.12 0.415 0.115 0.415 0.1 0.41 0.095 0.41 0.08 0.405 0.075
3 0.92 0.78 0.92 0.805 0.915 0.81 0.915 0.855 0.91 0.86 0.91 0.91 0.905 0.915 0.905 0.965 0.9 0.97 0.9 0.995 0.915 0.995 0.915 0.985 0.92 0.98 0.92 0.965 0.925 0.96 0.925 0.93 0.92 0.925 0.92 0.875 0.925 0.87 0.925 0.815 0.93 0.81 0.93 0.78
3 0.705 0.75 0.705 0.76 0.7 0.765 0.7 0.79 0.695 0.795 0.695 0.81 0.695 0.8 0.7 0.795 0.7 0.77 0.705 0.765
3 0.92 0.61 0.92 0.655 0.915 0.66 0.915 0.705 0.925 0.705 0.925 0.66 0.92 0.655
3 0.78 0.32 0.78 0.335 0.775 0.34 0.775 0.365 0.77 0.37 0.77 0.4 0.765 0.405 0.765 0.435 0.76 0.44 0.76 0.46 0.755 0.465 0.755 0.475 0.75 0.48 0.75 0.49 0.745 0.495 0.745 0.51 0.74 0.515 0.74 0.535 0.735 0.54 0.735 0.565 0.73 0.57 0.73 0.59 0.725 0.595 0.725 0.61 0.72 0.615 0.72 0.64 0.715 0.645 0.715 0.68 0.71 0.685 0.71 0.7 0.71 0.695 0.715 0.69 0.715 0.675 0.72 0.67 0.72 0.66 0.725 0.655 0.725 0.64 0.73 0.635 0.73 0.61 0.735 0.605 0.735 0.585 0.74 0.58 0.745 0.585 0.745 0.695 0.74 0.7 0.74 0.74 0.745 0.745 0.745 0.76 0.74 0.765 0.74 0.77 0.745 0.77 0.755 0.78 0.755 0.76 0.76 0.755 0.76 0.71 0.765 0.705 0.765 0.7 0.77 0.695 0.77 0.69 0.775 0.685 0.775 0.675 0.77 0.67 0.77 0.635 0.775 0.63 0.775 0.605 0.77 0.6 0.77 0.58 0.765 0.575 0.765 0.56 0.77 0.555 0.77 0.55 0.775 0.545 0.775 0.54 0.78 0.535 0.78 0.53 0.76 0.53 0.755 0.525 0.755 0.515 0.76 0.51 0.765 0.51 0.77 0.505 0.77 0.5 0.775 0.495 0.775 0.46 0.78 0.455 0.78 0.44 0.785 0.435 0.785 0.37 0.79 0.365 0.79 0.34 0.795 0.335 0.795 0.32
3 0.18 0.005 0.18 0.015 0.185 0.02 0.185 0.125 0.18 0.13 0.18 0.145 0.175 0.15 0.175 0.175 0.17 0.18 0.17 0.215 0.175 0.22 0.175 0.255 0.175 0.25 0.18 0.245 0.18 0.24 0.185 0.235 0.185 0.23 0.19 0.225 0.19 0.2 0.195 0.195 0.195 0.155 0.2 0.15 0.2 0.11 0.205 0.105 0.205 0.005
