1 0.835 0.855 0.835 0.87 0.84 0.875 0.84 0.91 0.845 0.915 0.845 0.935 0.845 0.93 0.85 0.925 0.85 0.865 0.845 0.865
1 0.88 0.755 0.88 0.76 0.875 0.765 0.875 0.775 0.87 0.78 0.87 0.79 0.865 0.795 0.865 0.805 0.87 0.81 0.87 0.815 0.875 0.82 0.875 0.825 0.88 0.83 0.88 0.835 0.885 0.84 0.885 0.845 0.89 0.85 0.89 0.855 0.895 0.86 0.895 0.865 0.895 0.845 0.89 0.84 0.89 0.835 0.885 0.83 0.885 0.825 0.88 0.82 0.88 0.815 0.875 0.81 0.875 0.785 0.88 0.78
1 0.905 0.645 0.905 0.675 0.91 0.68 0.91 0.715 0.915 0.71 0.915 0.68 0.91 0.675 0.91 0.645
1 0.595 0.645 0.595 0.65 0.59 0.655 0.59 0.66 0.585 0.665 0.585 0.74 0.6 0.755 0.6 0.76 0.605 0.765 0.605 0.84 0.6 0.845 0.6 0.88 0.595 0.885 0.59 0.88 0.59 0.86 0.59 0.865 0.585 0.87 0.585 0.885 0.58 0.89 0.58 0.93 0.585 0.935 0.585 0.95 0.58 0.955 0.58 0.975 0.575 0.98 0.575 0.995 0.665 0.995 0.665 0.93 0.67 0.925 0.67 0.915 0.675 0.91 0.675 0.88 0.68 0.875 0.68 0.815 0.685 0.81 0.685 0.73 0.69 0.725 0.69 0.67 0.685 0.675 0.665 0.675 0.66 0.68 0.66 0.685 0.65 0.695 0.65 0.7 0.645 0.705 0.645 0.71 0.64 0.715 0.64 0.72 0.635 0.725 0.62 0.725 0.615 0.72 0.615 0.71 0.61 0.705 0.61 0.685 0.605 0.68 0.605 0.67 0.6 0.665 0.6 0.655 0.595 0.65
1 0.605 0.415 0.605 0.435 0.6 0.44 0.6 0.505 0.605 0.51 0.605 0.52 0.62 0.505 0.62 0.495 0.625 0.49 0.625 0.475 0.63 0.47 0.63 0.465 0.625 0.46 0.625 0.455 0.62 0.45 0.62 0.445 0.615 0.44 0.615 0.435 0.61 0.43 0.61 0.425 0.605 0.42
1 0.96 0.285 0.955 0.29 0.95 0.29 0.945 0.295 0.94 0.295 0.935 0.3 0.93 0.3 0.925 0.305 0.92 0.305 0.92 0.395 0.915 0.4 0.915 0.415 0.925 0.405 0.93 0.41 0.93 0.435 0.925 0.44 0.925 0.465 0.92 0.47 0.92 0.53 0.92 0.515 0.925 0.51 0.925 0.485 0.93 0.48 0.93 0.45 0.935 0.445 0.935 0.43 0.94 0.425 0.94 0.42 0.945 0.415 0.945 0.405 0.95 0.4 0.95 0.385 0.955 0.38 0.955 0.365 0.96 0.36
1 0.675 0.23 0.675 0.245 0.67 0.25 0.67 0.275 0.665 0.28 0.665 0.285 0.66 0.29 0.635 0.29 0.63 0.285 0.63 0.3 0.625 0.305 0.625 0.345 0.63 0.35 0.63 0.355 0.635 0.36 0.635 0.365 0.64 0.365 0.65 0.355 0.65 0.335 0.655 0.33 0.655 0.31 0.66 0.305 0.665 0.305 0.67 0.31 0.67 0.315 0.675 0.32 0.675 0.33 0.68 0.335 0.68 0.36 0.68 0.345 0.685 0.34 0.685 0.31 0.69 0.305 0.69 0.25 0.68 0.24 0.68 0.235
1 0.735 0.07 0.735 0.08 0.73 0.085 0.73 0.1 0.725 0.105 0.725 0.11 0.715 0.12 0.71 0.12 0.705 0.125 0.705 0.145 0.7 0.15 0.7 0.175 0.705 0.18 0.705 0.195 0.71 0.2 0.71 0.205 0.735 0.18 0.735 0.17 0.74 0.165 0.74 0.15 0.745 0.145 0.745 0.125 0.74 0.12 0.74 0.09 0.735 0.085
1 0.39 0.01 0.39 0.02 0.385 0.025 0.385 0.045 0.38 0.05 0.38 0.085 0.375 0.09 0.375 0.12 0.38 0.125 0.38 0.17 0.375 0.175 0.375 0.23 0.38 0.235 0.38 0.24 0.385 0.245 0.385 0.27 0.39 0.275 0.39 0.355 0.385 0.36 0.385 0.37 0.38 0.375 0.38 0.39 0.375 0.395 0.375 0.42 0.38 0.425 0.38 0.47 0.375 0.475 0.375 0.515 0.38 0.52 0.38 0.565 0.375 0.57 0.375 0.61 0.37 0.615 0.37 0.65 0.365 0.655 0.365 0.7 0.36 0.705 0.36 0.745 0.355 0.75 0.355 0.78 0.35 0.785 0.35 0.83 0.345 0.835 0.345 0.89 0.34 0.895 0.34 0.965 0.345 0.97 0.345 0.98 0.355 0.98 0.36 0.985 0.38 0.985 0.385 0.99 0.39 0.985 0.405 0.985 0.405 0.98 0.41 0.975 0.41 0.97 0.415 0.965 0.415 0.865 0.41 0.86 0.41 0.82 0.405 0.815 0.405 0.755 0.41 0.75 0.41 0.67 0.415 0.665 0.415 0.6 0.41 0.595 0.41 0.48 0.405 0.475 0.405 0.455 0.4 0.45 0.4 0.43 0.405 0.425 0.405 0.405 0.41 0.4 0.41 0.385 0.415 0.38 0.415 0.365 0.42 0.36 0.42 0.335 0.425 0.33 0.425 0.3 0.42 0.295 0.42 0.25 0.415 0.245 0.415 0.2 0.42 0.195 0.42 0.155 0.415 0.15 0.415 0.095 0.42 0.09 0.42 0.085 0.425 0.08 0.425 0.01
3 0.18 0.89 0.175 0.895 0.145 0.895 0.13 0.91 0.13 0.915 0.125 0.92 0.125 0.925 0.115 0.935 0.115 0.94 0.11 0.945 0.11 0.95 0.1 0.96 0.1 0.965 0.09 0.975 0.09 0.98 0.085 0.985 0.085 0.99 0.08 0.995 0.11 0.995 0.11 0.99 0.115 0.985 0.115 0.98 0.12 0.975 0.12 0.97 0.125 0.965 0.125 0.96 0.13 0.955 0.13 0.95 0.135 0.945 0.135 0.94 0.14 0.935 0.14 0.93 0.145 0.925 0.145 0.92 0.15 0.915 0.15 0.91 0.165 0.895 0.17 0.895 0.18 0.905 0.185 0.905 0.195 0.915 0.195 0.9 0.19 0.9
3 0.2 0.835 0.195 0.84 0.185 0.84 0.185 0.875 0.19 0.87 0.2 0.87
3 0.075 0.695 0.075 0.715 0.095 0.715 0.095 0.695
3 0.205 0.21 0.205 0.24 0.2 0.245 0.2 0.275 0.195 0.28 0.195 0.285 0.19 0.29 0.19 0.315 0.185 0.32 0.185 0.395 0.19 0.4 0.19 0.59 0.19 0.55 0.195 0.545 0.195 0.46 0.2 0.455 0.2 0.255 0.205 0.25
3 0.2 0.005 0.2 0.175 0.205 0.175 0.205 0.005
