1 0.335 0.685 0.335 0.71 0.33 0.715 0.33 0.74 0.33 0.715 0.335 0.71
1 0.335 0.485 0.335 0.51 0.33 0.515 0.33 0.555 0.325 0.56 0.325 0.595 0.33 0.6 0.33 0.605 0.335 0.61 0.335 0.56 0.34 0.555 0.34 0.495 0.335 0.49
1 0.135 0.415 0.135 0.435 0.13 0.44 0.13 0.545 0.135 0.54 0.135 0.535 0.14 0.53 0.145 0.535 0.145 0.54 0.15 0.545 0.15 0.565 0.15 0.545 0.155 0.54 0.155 0.515 0.16 0.51 0.16 0.495 0.165 0.49 0.165 0.48 0.15 0.495 0.145 0.49 0.145 0.48 0.14 0.475 0.14 0.44 0.135 0.435
1 0.82 0.265 0.82 0.275 0.815 0.28 0.815 0.29 0.81 0.295 0.81 0.3 0.8 0.31 0.8 0.315 0.795 0.32 0.795 0.375 0.8 0.38 0.8 0.44 0.805 0.445 0.805 0.49 0.81 0.495 0.81 0.525 0.81 0.515 0.815 0.51 0.815 0.485 0.82 0.48 0.82 0.46 0.825 0.455 0.825 0.44 0.83 0.435 0.83 0.42 0.825 0.415 0.825 0.395 0.82 0.39 0.82 0.375 0.815 0.37 0.815 0.36 0.81 0.355 0.81 0.34 0.815 0.335 0.815 0.295 0.82 0.29
1 0.615 0.145 0.61 0.15 0.61 0.155 0.605 0.16 0.605 0.165 0.595 0.175 0.595 0.18 0.585 0.19 0.585 0.195 0.58 0.2 0.58 0.205 0.575 0.21 0.575 0.285 0.58 0.28 0.595 0.28 0.595 0.265 0.6 0.26 0.6 0.22 0.605 0.215 0.605 0.19 0.61 0.185 0.61 0.16 0.615 0.155
1 0.57 0.005 0.57 0.025 0.575 0.03 0.575 0.085 0.57 0.09 0.57 0.125 0.575 0.13 0.575 0.145 0.585 0.135 0.585 0.13 0.6 0.115 0.6 0.11 0.605 0.105 0.605 0.1 0.61 0.095 0.61 0.075 0.615 0.07 0.615 0.03 0.62 0.025 0.62 0.005
1 0.065 0.005 0.065 0.01 0.06 0.015 0.06 0.03 0.055 0.035 0.055 0.055 0.05 0.06 0.05 0.08 0.045 0.085 0.045 0.1 0.04 0.105 0.04 0.15 0.05 0.14 0.05 0.135 0.06 0.125 0.065 0.125 0.075 0.135 0.075 0.12 0.08 0.115 0.08 0.07 0.085 0.065 0.085 0.05 0.09 0.045 0.09 0.035 0.095 0.03 0.095 0.015 0.1 0.01 0.1 0.005
3 0.69 0.75 0.69 0.765 0.685 0.77 0.685 0.8 0.68 0.805 0.68 0.9 0.675 0.905 0.675 0.93 0.67 0.935 0.67 0.995 0.685 0.995 0.685 0.98 0.69 0.975 0.69 0.95 0.695 0.945 0.695 0.915 0.7 0.91 0.7 0.795 0.695 0.79 0.695 0.765 0.69 0.76
3 0.695 0.505 0.69 0.51 0.685 0.51 0.685 0.66 0.685 0.65 0.69 0.645 0.69 0.62 0.695 0.615
3 0.435 0.485 0.43 0.49 0.425 0.49 0.42 0.495 0.42 0.5 0.41 0.51 0.41 0.515 0.405 0.52 0.405 0.53 0.4 0.535 0.4 0.55 0.395 0.555 0.395 0.57 0.39 0.575 0.39 0.585 0.385 0.59 0.385 0.595 0.38 0.6 0.38 0.615 0.375 0.62 0.375 0.635 0.375 0.62 0.38 0.615 0.38 0.605 0.385 0.6 0.385 0.595 0.39 0.59 0.39 0.585 0.395 0.58 0.395 0.575 0.4 0.57 0.4 0.565 0.405 0.56 0.405 0.55 0.41 0.545 0.41 0.53 0.415 0.525 0.415 0.52 0.42 0.515 0.42 0.51 0.425 0.505 0.425 0.5 0.43 0.495 0.43 0.49
3 0.63 0.085 0.625 0.09 0.625 0.095 0.62 0.1 0.62 0.105 0.61 0.115 0.61 0.12 0.605 0.125 0.605 0.13 0.6 0.135 0.6 0.14 0.595 0.145 0.595 0.15 0.59 0.155 0.59 0.16 0.585 0.165 0.585 0.17 0.58 0.175 0.58 0.18 0.57 0.19 0.57 0.195 0.555 0.21 0.555 0.215 0.55 0.22 0.55 0.225 0.545 0.23 0.545 0.235 0.54 0.24 0.54 0.245 0.545 0.24 0.55 0.24 0.55 0.235 0.555 0.23 0.555 0.22 0.56 0.215 0.56 0.21 0.565 0.205 0.565 0.2 0.575 0.19 0.575 0.185 0.59 0.17 0.59 0.165 0.595 0.16 0.595 0.155 0.6 0.15 0.6 0.145 0.605 0.14 0.605 0.135 0.61 0.13 0.61 0.125 0.615 0.12 0.615 0.115 0.62 0.11 0.62 0.105 0.625 0.1 0.625 0.095 0.63 0.09
3 0.68 0.045 0.68 0.06 0.675 0.065 0.675 0.09 0.665 0.1 0.66 0.1 0.66 0.12 0.665 0.125 0.665 0.14 0.66 0.145 0.66 0.16 0.655 0.165 0.655 0.185 0.65 0.19 0.65 0.215 0.645 0.22 0.645 0.245 0.64 0.25 0.64 0.275 0.635 0.28 0.635 0.3 0.63 0.305 0.63 0.315 0.625 0.32 0.625 0.345 0.61 0.36 0.61 0.4 0.605 0.405 0.605 0.46 0.6 0.465 0.6 0.49 0.595 0.495 0.595 0.51 0.59 0.515 0.59 0.53 0.585 0.535 0.585 0.545 0.58 0.55 0.58 0.565 0.575 0.57 0.575 0.645 0.585 0.635 0.59 0.635 0.59 0.615 0.595 0.61 0.595 0.575 0.6 0.57 0.6 0.54 0.605 0.535 0.605 0.51 0.61 0.505 0.61 0.48 0.615 0.475 0.615 0.44 0.62 0.435 0.62 0.4 0.625 0.395 0.625 0.365 0.63 0.36 0.63 0.335 0.635 0.33 0.635 0.31 0.64 0.305 0.64 0.285 0.645 0.28 0.645 0.265 0.65 0.26 0.655 0.265 0.655 0.305 0.65 0.31 0.65 0.33 0.645 0.335 0.645 0.36 0.64 0.365 0.64 0.39 0.635 0.395 0.635 0.42 0.63 0.425 0.63 0.45 0.625 0.455 0.625 0.575 0.625 0.56 0.63 0.555 0.63 0.525 0.635 0.52 0.635 0.49 0.64 0.485 0.64 0.455 0.645 0.45 0.645 0.425 0.65 0.42 0.65 0.395 0.655 0.39 0.655 0.36 0.66 0.355 0.66 0.325 0.665 0.32 0.665 0.27 0.67 0.265 0.67 0.135 0.675 0.13 0.675 0.11 0.68 0.105 0.68 0.1 0.685 0.095 0.69 0.1 0.69 0.18 0.685 0.185 0.685 0.23 0.69 0.235 0.69 0.285 0.685 0.29 0.685 0.38 0.68 0.385 0.68 0.42 0.675 0.425 0.675 0.44 0.68 0.445 0.68 0.45 0.685 0.455 0.685 0.46 0.685 0.455 0.69 0.45 0.69 0.44 0.695 0.435 0.695 0.43 0.7 0.425 0.7 0.405 0.705 0.4 0.705 0.365 0.71 0.36 0.71 0.24 0.705 0.235 0.705 0.195 0.7 0.19 0.7 0.155 0.705 0.15 0.705 0.07 0.7 0.065 0.7 0.045
