1 0.235 0.635 0.235 0.67 0.23 0.675 0.23 0.735 0.235 0.74 0.235 0.765 0.235 0.755 0.24 0.75 0.24 0.725 0.245 0.72 0.245 0.695 0.24 0.69 0.24 0.655 0.235 0.65
1 0.76 0.395 0.76 0.515 0.755 0.52 0.755 0.65 0.75 0.655 0.75 0.68 0.75 0.675 0.755 0.67 0.755 0.665 0.76 0.66 0.76 0.655 0.765 0.65 0.765 0.64 0.77 0.635 0.77 0.62 0.775 0.615 0.775 0.605 0.78 0.6 0.78 0.585 0.785 0.58 0.785 0.545 0.79 0.54 0.79 0.475 0.795 0.47 0.795 0.44 0.785 0.43 0.785 0.425 0.77 0.41 0.77 0.405
1 0.205 0.275 0.205 0.345 0.21 0.35 0.21 0.375 0.215 0.38 0.215 0.41 0.22 0.415 0.22 0.43 0.22 0.275
3 0.89 0.95 0.885 0.955 0.88 0.955 0.875 0.96 0.87 0.96 0.97 0.96 0.97 0.95
3 0.465 0.935 0.465 0.945 0.565 0.945 0.57 0.95 0.595 0.95 0.6 0.955 0.83 0.955 0.835 0.96 0.825 0.95 0.725 0.95 0.72 0.945 0.715 0.945 0.71 0.94 0.705 0.94 0.7 0.935
3 0.29 0.935 0.295 0.935 0.3 0.94 0.305 0.94 0.31 0.945 0.4 0.945 0.405 0.95 0.41 0.945 0.415 0.945 0.42 0.94 0.43 0.94 0.415 0.94 0.41 0.935
3 0.15 0.93 0.155 0.93 0.165 0.94 0.225 0.94 0.23 0.945 0.235 0.945 0.24 0.95 0.245 0.945 0.26 0.945 0.26 0.93
3 0.655 0.785 0.65 0.79 0.64 0.79 0.635 0.795 0.58 0.795 0.63 0.795 0.635 0.8 0.845 0.8 0.85 0.805 0.855 0.8 0.96 0.8 0.9 0.8 0.895 0.795 0.885 0.795 0.875 0.785 0.865 0.785 0.86 0.79 0.855 0.79 0.85 0.795 0.7 0.795 0.695 0.79 0.68 0.79 0.675 0.785
3 0.48 0.605 0.475 0.61 0.345 0.61 0.475 0.61 0.48 0.615 0.54 0.615 0.545 0.62 0.545 0.61 0.52 0.61 0.515 0.605
3 0.13 0.595 0.125 0.6 0.06 0.6 0.055 0.605 0.005 0.605 0.005 0.615 0.12 0.615 0.125 0.61 0.135 0.61 0.14 0.615 0.15 0.615 0.16 0.605 0.18 0.605 0.185 0.61 0.23 0.61 0.23 0.6 0.225 0.595 0.2 0.595 0.195 0.6 0.15 0.6 0.145 0.595
3 0.45 0.565 0.445 0.57 0.44 0.57 0.435 0.575 0.39 0.575 0.385 0.58 0.29 0.58 0.37 0.58 0.375 0.585 0.425 0.585 0.43 0.59 0.44 0.59 0.445 0.595 0.45 0.59 0.46 0.59 0.46 0.575
