1 0.55 0.84 0.55 0.845 0.545 0.85 0.545 0.86 0.54 0.865 0.54 0.885 0.535 0.89 0.535 0.915 0.54 0.92 0.54 0.93 0.545 0.935 0.545 0.94 0.545 0.935 0.55 0.93 0.55 0.925 0.555 0.92 0.555 0.87 0.55 0.865
1 0.515 0.83 0.515 0.835 0.51 0.84 0.51 0.85 0.505 0.855 0.505 0.865 0.5 0.87 0.5 0.88 0.495 0.885 0.495 0.9 0.5 0.905 0.5 0.915 0.505 0.92 0.505 0.955 0.51 0.96 0.51 0.97 0.515 0.975 0.515 0.98 0.515 0.97 0.52 0.965 0.52 0.94 0.515 0.935
1 0.77 0.805 0.77 0.82 0.765 0.825 0.765 0.92 0.765 0.91 0.77 0.905 0.77 0.885 0.775 0.88 0.775 0.84 0.77 0.835
1 0.265 0.635 0.265 0.655 0.26 0.66 0.26 0.7 0.265 0.705 0.265 0.76 0.26 0.765 0.26 0.795 0.255 0.8 0.255 0.81 0.25 0.815 0.25 0.83 0.245 0.835 0.245 0.845 0.24 0.85 0.24 0.86 0.235 0.865 0.235 0.87 0.23 0.875 0.23 0.88 0.225 0.885 0.225 0.93 0.23 0.935 0.23 0.95 0.235 0.955 0.235 0.96 0.24 0.965 0.24 0.97 0.26 0.99 0.27 0.98 0.275 0.98 0.275 0.975 0.28 0.97 0.28 0.955 0.285 0.95 0.285 0.9 0.29 0.895 0.29 0.705 0.295 0.7 0.295 0.665 0.3 0.66 0.3 0.635
1 0.79 0.385 0.79 0.405 0.785 0.41 0.785 0.45 0.78 0.455 0.78 0.535 0.78 0.51 0.785 0.505 0.785 0.465 0.79 0.46
1 0.49 0.15 0.49 0.175 0.485 0.18 0.485 0.235 0.49 0.24 0.49 0.28 0.49 0.27 0.495 0.265 0.495 0.245 0.5 0.24 0.5 0.215 0.495 0.21 0.495 0.175 0.49 0.17
1 0.265 0.005 0.265 0.02 0.26 0.025 0.26 0.04 0.255 0.045 0.255 0.05 0.245 0.06 0.245 0.115 0.25 0.12 0.25 0.15 0.245 0.155 0.245 0.21 0.24 0.215 0.24 0.235 0.235 0.24 0.235 0.255 0.23 0.26 0.23 0.32 0.225 0.325 0.225 0.385 0.23 0.39 0.23 0.395 0.235 0.4 0.235 0.405 0.24 0.405 0.245 0.41 0.255 0.4 0.255 0.395 0.265 0.385 0.265 0.38 0.27 0.375 0.27 0.37 0.275 0.365 0.275 0.345 0.28 0.34 0.28 0.315 0.285 0.31 0.285 0.29 0.29 0.285 0.29 0.245 0.295 0.24 0.295 0.19 0.29 0.185 0.29 0.1 0.295 0.095 0.295 0.005
3 0.895 0.91 0.895 0.915 0.89 0.92 0.89 0.955 0.885 0.96 0.885 0.99 0.89 0.99 0.89 0.95 0.895 0.945
3 0.885 0.735 0.885 0.83 0.89 0.835 0.89 0.84 0.89 0.835 0.895 0.83 0.895 0.735
3 0.9 0.075 0.9 0.09 0.895 0.095 0.895 0.15 0.89 0.155 0.89 0.165 0.885 0.17 0.885 0.185 0.89 0.19 0.89 0.245 0.885 0.25 0.885 0.255 0.88 0.26 0.88 0.285 0.885 0.29 0.885 0.33 0.88 0.335 0.88 0.35 0.875 0.355 0.875 0.4 0.88 0.405 0.88 0.43 0.885 0.435 0.885 0.47 0.885 0.465 0.89 0.46 0.89 0.455 0.895 0.45 0.895 0.44 0.9 0.435 0.9 0.41 0.895 0.405 0.895 0.365 0.9 0.36 0.9 0.31 0.905 0.305 0.905 0.265 0.91 0.26 0.91 0.135 0.905 0.13 0.905 0.095 0.9 0.09
