1 0.405 0.815 0.405 0.825 0.41 0.83 0.41 0.855 0.415 0.86 0.415 0.88 0.42 0.885 0.42 0.895 0.42 0.885 0.425 0.88 0.425 0.845 0.42 0.84 0.42 0.815
1 0.45 0.73 0.45 0.745 0.445 0.75 0.445 0.77 0.45 0.775 0.45 0.785 0.455 0.79 0.455 0.8 0.46 0.805 0.46 0.815 0.465 0.82 0.465 0.825 0.465 0.815 0.47 0.81 0.47 0.8 0.465 0.795 0.465 0.79 0.46 0.785 0.46 0.775 0.455 0.77 0.455 0.745 0.45 0.74
1 0.17 0.61 0.17 0.615 0.165 0.62 0.165 0.635 0.16 0.64 0.16 0.705 0.165 0.71 0.165 0.715 0.175 0.725 0.175 0.74 0.18 0.745 0.18 0.8 0.175 0.805 0.175 0.825 0.18 0.83 0.18 0.84 0.175 0.845 0.17 0.84 0.17 0.835 0.165 0.83 0.165 0.825 0.165 0.83 0.16 0.835 0.16 0.845 0.155 0.85 0.155 0.9 0.15 0.905 0.15 0.915 0.145 0.92 0.145 0.96 0.15 0.965 0.15 0.975 0.155 0.98 0.155 0.985 0.16 0.99 0.16 0.995 0.245 0.995 0.245 0.98 0.24 0.975 0.24 0.865 0.245 0.86 0.245 0.855 0.25 0.85 0.25 0.84 0.255 0.835 0.255 0.83 0.26 0.825 0.26 0.815 0.255 0.81 0.255 0.8 0.25 0.795 0.25 0.785 0.255 0.78 0.255 0.775 0.26 0.77 0.26 0.635 0.255 0.63 0.255 0.62 0.255 0.625 0.25 0.63 0.225 0.63 0.225 0.645 0.22 0.65 0.22 0.68 0.215 0.685 0.21 0.685 0.205 0.68 0.2 0.68 0.195 0.675 0.195 0.67 0.19 0.665 0.19 0.655 0.185 0.65 0.185 0.64 0.18 0.635 0.18 0.63 0.175 0.625 0.175 0.62 0.17 0.615
1 0.595 0.54 0.595 0.56 0.6 0.565 0.6 0.605 0.605 0.61 0.605 0.63 0.61 0.635 0.61 0.625 0.615 0.62 0.615 0.57 0.61 0.565 0.61 0.56 0.6 0.55 0.6 0.545
1 0.18 0.385 0.18 0.435 0.175 0.44 0.175 0.465 0.18 0.47 0.18 0.49 0.18 0.485 0.185 0.48 0.185 0.475 0.19 0.47 0.19 0.465 0.195 0.46 0.195 0.45 0.2 0.445 0.2 0.425 0.195 0.42 0.195 0.405 0.185 0.395 0.185 0.39
1 0.53 0.23 0.53 0.235 0.525 0.24 0.525 0.255 0.52 0.26 0.52 0.285 0.515 0.29 0.515 0.315 0.51 0.32 0.5 0.31 0.5 0.3 0.495 0.295 0.495 0.29 0.495 0.335 0.49 0.34 0.49 0.38 0.495 0.375 0.495 0.37 0.5 0.365 0.505 0.37 0.505 0.405 0.5 0.41 0.5 0.44 0.495 0.445 0.495 0.48 0.495 0.465 0.5 0.46 0.5 0.43 0.505 0.425 0.505 0.405 0.51 0.4 0.51 0.39 0.515 0.385 0.515 0.375 0.52 0.37 0.52 0.355 0.525 0.35 0.525 0.335 0.53 0.33 0.53 0.315 0.535 0.31 0.535 0.27 0.54 0.265 0.54 0.255 0.535 0.25 0.535 0.24 0.53 0.235
1 0.25 0.195 0.25 0.225 0.245 0.23 0.245 0.27 0.25 0.275 0.25 0.3 0.255 0.305 0.255 0.32 0.255 0.305 0.26 0.3 0.26 0.275 0.265 0.27 0.265 0.24 0.26 0.235 0.26 0.21 0.255 0.205 0.255 0.2
1 0.305 0.05 0.305 0.055 0.3 0.06 0.3 0.065 0.295 0.07 0.295 0.075 0.29 0.08 0.29 0.085 0.285 0.09 0.285 0.12 0.28 0.125 0.28 0.155 0.285 0.16 0.285 0.17 0.3 0.155 0.305 0.155 0.31 0.15 0.31 0.135 0.315 0.13 0.315 0.1 0.31 0.095 0.31 0.07 0.305 0.065
3 0.875 0.485 0.875 0.54 0.87 0.545 0.87 0.575 0.865 0.58 0.865 0.6 0.86 0.605 0.86 0.625 0.865 0.63 0.865 0.825 0.87 0.83 0.87 0.86 0.87 0.83 0.875 0.825 0.875 0.61 0.88 0.605 0.88 0.58 0.875 0.575
3 0.875 0.11 0.875 0.45 0.88 0.45 0.88 0.115
