1 0.63 0.86 0.63 0.875 0.625 0.88 0.625 0.96 0.62 0.965 0.62 0.975 0.625 0.98 0.625 0.985 0.63 0.99 0.63 0.995 0.63 0.98 0.635 0.975 0.635 0.955 0.64 0.95 0.64 0.94 0.645 0.935 0.645 0.92 0.64 0.915 0.64 0.9 0.635 0.895 0.635 0.875 0.63 0.87
1 0.26 0.665 0.26 0.75 0.265 0.755 0.265 0.765 0.265 0.76 0.27 0.755 0.27 0.74 0.275 0.735 0.275 0.665
1 0.645 0.52 0.645 0.61 0.645 0.605 0.65 0.6 0.65 0.595 0.655 0.59 0.655 0.585 0.66 0.58 0.66 0.57 0.655 0.565 0.655 0.55 0.65 0.545 0.65 0.53 0.645 0.525
1 0.735 0.49 0.73 0.495 0.725 0.495 0.72 0.5 0.71 0.5 0.705 0.505 0.7 0.505 0.7 0.515 0.695 0.52 0.695 0.55 0.7 0.555 0.7 0.585 0.705 0.59 0.705 0.595 0.71 0.6 0.71 0.605 0.72 0.595 0.725 0.595 0.725 0.585 0.73 0.58 0.73 0.535 0.735 0.53
1 0.17 0.455 0.17 0.46 0.165 0.465 0.165 0.48 0.16 0.485 0.16 0.495 0.155 0.5 0.155 0.515 0.15 0.52 0.15 0.525 0.145 0.53 0.145 0.535 0.13 0.55 0.13 0.555 0.125 0.56 0.125 0.605 0.13 0.61 0.13 0.73 0.125 0.735 0.125 0.74 0.12 0.745 0.12 0.75 0.11 0.76 0.11 0.765 0.1 0.775 0.1 0.79 0.105 0.795 0.105 0.82 0.11 0.825 0.11 0.87 0.115 0.875 0.115 0.975 0.12 0.98 0.12 0.99 0.145 0.99 0.15 0.995 0.15 0.985 0.155 0.98 0.155 0.83 0.16 0.825 0.16 0.785 0.165 0.78 0.165 0.66 0.17 0.655 0.17 0.615 0.175 0.61 0.175 0.525 0.17 0.52
1 0.18 0.25 0.18 0.275 0.175 0.28 0.175 0.31 0.18 0.315 0.18 0.32 0.185 0.325 0.185 0.41 0.185 0.39 0.19 0.385 0.19 0.35 0.195 0.345 0.195 0.305 0.19 0.3 0.19 0.285 0.185 0.28 0.185 0.265 0.18 0.26
1 0.13 0.155 0.13 0.23 0.135 0.235 0.135 0.275 0.13 0.28 0.13 0.325 0.125 0.33 0.125 0.34 0.125 0.335 0.13 0.33 0.13 0.32 0.135 0.315 0.135 0.31 0.14 0.305 0.14 0.295 0.145 0.29 0.145 0.235 0.14 0.23 0.14 0.205 0.135 0.2 0.135 0.175 0.13 0.17
3 0.855 0.72 0.855 0.79 0.86 0.795 0.86 0.75 0.855 0.745
3 0.865 0.45 0.865 0.515 0.86 0.52 0.86 0.685 0.865 0.69 0.865 0.66 0.87 0.655 0.87 0.53 0.875 0.525 0.875 0.45
3 0.87 0.0 0.87 0.025 0.875 0.03 0.875 0.055 0.88 0.06 0.88 0.11 0.88 0.105 0.885 0.1 0.885 0.085 0.89 0.08 0.89 0.07 0.885 0.065 0.885 0.0
