1 0.8 0.625 0.8 0.65 0.795 0.655 0.795 0.68 0.79 0.685 0.79 0.69 0.785 0.695 0.785 0.7 0.775 0.71 0.775 0.715 0.765 0.725 0.765 0.73 0.77 0.735 0.77 0.755 0.775 0.76 0.775 0.855 0.78 0.86 0.78 0.88 0.785 0.885 0.785 0.9 0.785 0.885 0.79 0.88 0.79 0.855 0.795 0.85 0.795 0.825 0.8 0.82 0.8 0.795 0.805 0.79 0.805 0.74 0.81 0.735 0.81 0.69 0.805 0.685 0.805 0.65 0.8 0.645
1 0.735 0.58 0.735 0.595 0.73 0.6 0.73 0.63 0.725 0.635 0.725 0.715 0.725 0.71 0.73 0.705 0.73 0.69 0.735 0.685 0.735 0.675 0.74 0.67 0.74 0.625 0.735 0.62
1 0.825 0.525 0.825 0.555 0.82 0.56 0.82 0.595 0.82 0.565 0.825 0.56
1 0.325 0.275 0.325 0.28 0.32 0.285 0.32 0.3 0.315 0.305 0.315 0.315 0.31 0.32 0.31 0.33 0.305 0.335 0.305 0.34 0.3 0.345 0.3 0.39 0.305 0.395 0.305 0.45 0.3 0.455 0.3 0.475 0.295 0.48 0.295 0.5 0.29 0.505 0.29 0.52 0.285 0.525 0.28 0.52 0.28 0.49 0.275 0.485 0.275 0.425 0.28 0.42 0.28 0.38 0.275 0.375 0.275 0.36 0.275 0.375 0.27 0.38 0.27 0.415 0.275 0.42 0.275 0.52 0.28 0.525 0.28 0.54 0.285 0.545 0.285 0.565 0.28 0.57 0.28 0.595 0.275 0.6 0.275 0.62 0.27 0.625 0.27 0.635 0.27 0.63 0.275 0.625 0.275 0.62 0.28 0.615 0.28 0.61 0.285 0.605 0.285 0.6 0.29 0.595 0.29 0.59 0.295 0.585 0.295 0.58 0.3 0.575 0.3 0.57 0.305 0.565 0.305 0.55 0.31 0.545 0.31 0.525 0.315 0.52 0.315 0.51 0.32 0.505 0.32 0.5 0.325 0.495 0.325 0.49 0.33 0.485 0.33 0.48 0.335 0.475 0.335 0.47 0.34 0.465 0.34 0.455 0.345 0.45 0.345 0.435 0.35 0.43 0.35 0.415 0.355 0.41 0.355 0.375 0.36 0.37 0.36 0.345 0.355 0.34 0.355 0.335 0.35 0.33 0.35 0.325 0.345 0.32 0.345 0.315 0.34 0.31 0.34 0.305 0.335 0.3 0.335 0.295 0.33 0.29 0.33 0.285 0.325 0.28
1 0.88 0.265 0.88 0.29 0.885 0.295 0.885 0.33 0.88 0.335 0.88 0.355 0.875 0.36 0.875 0.375 0.87 0.38 0.87 0.395 0.865 0.4 0.865 0.41 0.865 0.405 0.87 0.4 0.87 0.39 0.875 0.385 0.875 0.38 0.88 0.375 0.88 0.365 0.885 0.36 0.885 0.345 0.89 0.34 0.89 0.295 0.885 0.29 0.885 0.275 0.88 0.27
1 0.74 0.145 0.74 0.235 0.735 0.24 0.735 0.29 0.74 0.295 0.74 0.3 0.745 0.305 0.745 0.31 0.755 0.32 0.755 0.18 0.75 0.175 0.75 0.145
1 0.36 0.015 0.36 0.03 0.355 0.035 0.355 0.13 0.36 0.135 0.36 0.14 0.37 0.13 0.37 0.125 0.375 0.12 0.375 0.115 0.38 0.11 0.38 0.08 0.375 0.075 0.375 0.065 0.37 0.06 0.37 0.045 0.365 0.04 0.365 0.025 0.36 0.02
1 0.785 0.01 0.785 0.015 0.78 0.02 0.78 0.025 0.775 0.03 0.775 0.035 0.77 0.04 0.77 0.06 0.765 0.065 0.765 0.085 0.77 0.09 0.77 0.1 0.78 0.11 0.785 0.105 0.785 0.1 0.795 0.09 0.805 0.09 0.815 0.1 0.815 0.105 0.82 0.11 0.82 0.12 0.825 0.125 0.825 0.15 0.83 0.155 0.83 0.28 0.84 0.27 0.84 0.14 0.845 0.135 0.845 0.1 0.84 0.095 0.84 0.09 0.835 0.085 0.835 0.08 0.83 0.075 0.83 0.07 0.82 0.06 0.82 0.055 0.805 0.04 0.805 0.035 0.79 0.02 0.79 0.015
3 0.66 0.59 0.66 0.595 0.655 0.6 0.655 0.61 0.65 0.615 0.65 0.885 0.645 0.89 0.645 0.925 0.64 0.93 0.64 0.99 0.645 0.985 0.655 0.985 0.655 0.915 0.66 0.91
3 0.09 0.54 0.09 0.66 0.085 0.665 0.085 0.78 0.085 0.71 0.09 0.705
3 0.665 0.005 0.665 0.065 0.66 0.07 0.66 0.155 0.655 0.16 0.655 0.205 0.65 0.21 0.65 0.355 0.65 0.345 0.655 0.34 0.655 0.32 0.66 0.315 0.66 0.295 0.665 0.29 0.665 0.22 0.67 0.215 0.67 0.19 0.675 0.185 0.675 0.16 0.68 0.155 0.68 0.005
3 0.025 0.0 0.02 0.005 0.015 0.005 0.015 0.015 0.01 0.02 0.01 0.08 0.005 0.085 0.005 0.105 0.0 0.11 0.0 0.155 0.015 0.155 0.015 0.1 0.02 0.095 0.02 0.045 0.025 0.04
