1 0.545 0.82 0.54 0.825 0.52 0.825 0.515 0.83 0.44 0.83 0.435 0.835 0.345 0.835 0.345 0.85 0.34 0.855 0.34 0.865 0.35 0.865 0.355 0.87 0.365 0.87 0.37 0.875 0.38 0.875 0.385 0.88 0.395 0.88 0.4 0.885 0.405 0.885 0.41 0.89 0.415 0.89 0.425 0.9 0.43 0.9 0.435 0.905 0.44 0.9 0.535 0.9 0.54 0.895 0.59 0.895 0.595 0.89 0.62 0.89 0.625 0.885 0.765 0.885 0.77 0.89 0.775 0.885 0.78 0.885 0.785 0.88 0.79 0.88 0.795 0.875 0.8 0.875 0.805 0.87 0.815 0.87 0.82 0.865 0.825 0.865 0.83 0.86 0.86 0.86 0.865 0.855 0.965 0.855 0.97 0.85 0.965 0.845 0.855 0.845 0.85 0.85 0.725 0.85 0.72 0.845 0.695 0.845 0.69 0.84 0.665 0.84 0.66 0.835 0.64 0.835 0.635 0.83 0.62 0.83 0.615 0.825 0.595 0.825 0.59 0.82
3 0.235 0.68 0.235 0.695 0.23 0.7 0.23 0.745 0.225 0.75 0.225 0.81 0.22 0.815 0.22 0.87 0.215 0.875 0.215 0.915 0.22 0.92 0.22 0.94 0.225 0.945 0.225 0.955 0.225 0.89 0.23 0.885 0.23 0.75 0.235 0.745
3 0.15 0.475 0.15 0.545 0.145 0.55 0.145 0.69 0.14 0.695 0.14 0.815 0.135 0.82 0.135 0.825 0.13 0.83 0.13 0.855 0.125 0.86 0.125 0.875 0.135 0.885 0.135 0.89 0.145 0.9 0.145 0.905 0.15 0.91 0.165 0.91 0.165 0.475
3 0.015 0.46 0.015 0.465 0.01 0.47 0.01 0.475 0.005 0.48 0.005 0.805 0.005 0.8 0.01 0.795 0.01 0.785 0.015 0.78 0.015 0.775 0.02 0.77 0.02 0.755 0.025 0.75 0.025 0.725 0.03 0.72 0.03 0.71 0.025 0.705 0.025 0.7 0.02 0.695 0.02 0.61 0.015 0.605
3 0.38 0.435 0.38 0.485 0.375 0.49 0.375 0.545 0.375 0.495 0.38 0.49
3 0.15 0.155 0.15 0.275 0.155 0.28 0.155 0.365 0.15 0.37 0.15 0.385 0.145 0.39 0.145 0.395 0.155 0.405 0.155 0.41 0.16 0.415 0.16 0.45 0.16 0.435 0.165 0.43 0.165 0.395 0.17 0.39 0.17 0.285 0.175 0.28 0.175 0.255 0.17 0.25 0.17 0.245 0.165 0.24 0.165 0.235 0.16 0.23 0.16 0.195 0.165 0.19 0.165 0.155
3 0.805 0.005 0.805 0.215 0.8 0.22 0.8 0.385 0.805 0.39 0.805 0.405 0.805 0.39 0.81 0.385 0.81 0.35 0.815 0.345 0.815 0.235 0.82 0.23 0.82 0.07 0.825 0.065 0.825 0.005
3 0.69 0.005 0.69 0.27 0.695 0.275 0.695 0.31 0.695 0.3 0.7 0.295 0.7 0.205 0.705 0.2 0.705 0.005
3 0.99 0.0 0.985 0.005 0.97 0.005 0.97 0.13 0.965 0.135 0.965 0.46 0.96 0.465 0.96 0.49 0.955 0.495 0.955 0.51 0.96 0.515 0.96 0.545 0.955 0.55 0.955 0.625 0.96 0.63 0.96 0.655 0.965 0.66 0.965 0.67 0.97 0.675 0.97 0.68 0.97 0.615 0.975 0.61 0.975 0.51 0.98 0.505 0.98 0.4 0.985 0.395 0.985 0.07 0.99 0.065
3 0.745 0.0 0.745 0.16 0.74 0.165 0.735 0.16 0.735 0.005 0.715 0.005 0.715 0.51 0.72 0.515 0.72 0.61 0.715 0.615 0.715 0.65 0.72 0.645 0.725 0.645 0.725 0.485 0.73 0.48 0.735 0.485 0.735 0.64 0.735 0.63 0.74 0.625 0.74 0.6 0.745 0.595 0.745 0.44 0.75 0.435 0.75 0.15 0.755 0.145 0.76 0.15 0.76 0.37 0.775 0.385 0.775 0.38 0.78 0.375 0.78 0.325 0.785 0.32 0.785 0.005 0.765 0.005 0.765 0.125 0.76 0.13 0.755 0.125 0.755 0.005 0.75 0.005
3 0.315 0.0 0.315 0.16 0.325 0.16 0.325 0.0
