1 0.29 0.81 0.28 0.82 0.28 0.825 0.265 0.84 0.265 0.92 0.26 0.925 0.26 0.94 0.26 0.935 0.265 0.93 0.265 0.925 0.27 0.92 0.27 0.915 0.275 0.91 0.275 0.905 0.28 0.9 0.28 0.895 0.285 0.89 0.285 0.85 0.29 0.845
1 0.32 0.66 0.32 0.665 0.315 0.67 0.315 0.685 0.31 0.69 0.31 0.7 0.305 0.705 0.305 0.73 0.31 0.735 0.31 0.76 0.315 0.765 0.315 0.77 0.32 0.775 0.32 0.78 0.325 0.785 0.325 0.78 0.33 0.775 0.33 0.76 0.335 0.755 0.335 0.74 0.33 0.735 0.33 0.71 0.325 0.705 0.325 0.68 0.32 0.675
1 0.395 0.49 0.39 0.495 0.39 0.5 0.385 0.505 0.385 0.51 0.38 0.515 0.38 0.565 0.385 0.57 0.385 0.58 0.395 0.59
1 0.08 0.46 0.08 0.48 0.075 0.485 0.075 0.52 0.07 0.525 0.07 0.555 0.065 0.56 0.065 0.58 0.06 0.585 0.06 0.6 0.055 0.605 0.055 0.615 0.05 0.62 0.05 0.63 0.045 0.635 0.045 0.65 0.04 0.655 0.04 0.67 0.035 0.675 0.035 0.72 0.04 0.725 0.04 0.73 0.045 0.735 0.045 0.715 0.05 0.71 0.05 0.68 0.055 0.675 0.055 0.66 0.06 0.655 0.06 0.645 0.065 0.64 0.065 0.635 0.07 0.63 0.07 0.62 0.075 0.615 0.075 0.61 0.08 0.605
1 0.09 0.275 0.09 0.33 0.095 0.335 0.095 0.36 0.095 0.32 0.09 0.315
1 0.115 0.14 0.105 0.15 0.105 0.155 0.11 0.16 0.11 0.175 0.115 0.18 0.115 0.195 0.12 0.2 0.12 0.26 0.12 0.255 0.125 0.25 0.125 0.245 0.13 0.24 0.13 0.235 0.135 0.23 0.135 0.225 0.14 0.22 0.14 0.195 0.135 0.19 0.135 0.185 0.13 0.18 0.13 0.175 0.125 0.17 0.125 0.16 0.12 0.155 0.12 0.15 0.115 0.145
1 0.16 0.085 0.16 0.095 0.155 0.1 0.155 0.115 0.15 0.12 0.15 0.14 0.155 0.145 0.155 0.165 0.155 0.16 0.16 0.155 0.16 0.15 0.165 0.145 0.165 0.115 0.16 0.11
1 0.58 0.005 0.58 0.11 0.585 0.115 0.585 0.14 0.59 0.145 0.59 0.175 0.595 0.18 0.595 0.215 0.6 0.22 0.6 0.245 0.595 0.25 0.595 0.27 0.59 0.275 0.59 0.44 0.585 0.445 0.585 0.5 0.59 0.505 0.59 0.53 0.595 0.535 0.595 0.56 0.59 0.565 0.59 0.585 0.585 0.59 0.585 0.605 0.58 0.61 0.58 0.645 0.575 0.65 0.575 0.685 0.58 0.69 0.58 0.705 0.585 0.71 0.585 0.74 0.59 0.745 0.59 0.79 0.585 0.795 0.585 0.875 0.58 0.88 0.58 0.895 0.575 0.9 0.575 0.915 0.57 0.92 0.57 0.985 0.575 0.985 0.585 0.995 0.6 0.995 0.6 0.99 0.61 0.98 0.61 0.965 0.615 0.96 0.615 0.925 0.62 0.92 0.62 0.875 0.615 0.87 0.615 0.83 0.62 0.825 0.62 0.81 0.625 0.805 0.625 0.79 0.63 0.785 0.63 0.775 0.625 0.77 0.625 0.755 0.62 0.75 0.62 0.735 0.615 0.73 0.615 0.705 0.61 0.7 0.61 0.66 0.615 0.655 0.615 0.63 0.62 0.625 0.62 0.475 0.625 0.47 0.625 0.395 0.63 0.39 0.63 0.35 0.635 0.345 0.635 0.33 0.64 0.325 0.64 0.315 0.645 0.31 0.645 0.295 0.65 0.29 0.65 0.185 0.655 0.18 0.655 0.155 0.66 0.15 0.66 0.13 0.665 0.125 0.665 0.005
1 0.34 0.005 0.34 0.095 0.335 0.1 0.335 0.125 0.33 0.13 0.33 0.155 0.325 0.16 0.325 0.24 0.32 0.245 0.32 0.28 0.315 0.285 0.315 0.345 0.32 0.34 0.32 0.335 0.33 0.325 0.33 0.32 0.34 0.31 0.34 0.305 0.345 0.3 0.345 0.295 0.35 0.29 0.35 0.285 0.36 0.275 0.37 0.275 0.38 0.285 0.38 0.29 0.385 0.295 0.385 0.305 0.39 0.31 0.39 0.315 0.395 0.32 0.395 0.325 0.4 0.33 0.4 0.335 0.405 0.34 0.405 0.345 0.41 0.35 0.41 0.315 0.415 0.31 0.415 0.26 0.41 0.255 0.41 0.225 0.405 0.22 0.405 0.195 0.4 0.19 0.4 0.145 0.405 0.14 0.405 0.135 0.41 0.13 0.41 0.125 0.415 0.12 0.415 0.11 0.42 0.105 0.42 0.07 0.425 0.065 0.425 0.025 0.43 0.02 0.43 0.01 0.345 0.01
3 0.805 0.405 0.805 0.45 0.8 0.455 0.8 0.61 0.795 0.615 0.795 0.795 0.795 0.77 0.8 0.765 0.8 0.74 0.805 0.735 0.805 0.725 0.81 0.72 0.81 0.695 0.815 0.69 0.815 0.65 0.82 0.645 0.82 0.62 0.815 0.615 0.815 0.6 0.81 0.595 0.81 0.59 0.805 0.585
3 0.895 0.005 0.89 0.01 0.89 0.015 0.885 0.02 0.885 0.025 0.88 0.03 0.88 0.035 0.87 0.045 0.87 0.05 0.865 0.055 0.865 0.06 0.855 0.07 0.855 0.075 0.845 0.085 0.845 0.095 0.835 0.105 0.83 0.1 0.825 0.1 0.81 0.085 0.81 0.1 0.815 0.105 0.815 0.115 0.81 0.12 0.81 0.125 0.805 0.13 0.805 0.165 0.81 0.16 0.815 0.16 0.815 0.115 0.825 0.105 0.83 0.105 0.835 0.11 0.84 0.105 0.85 0.105 0.875 0.08 0.875 0.075 0.885 0.065 0.885 0.06 0.895 0.05 0.895 0.045 0.91 0.03 0.91 0.025 0.92 0.015 0.92 0.01 0.925 0.005
