1 0.335 0.505 0.335 0.525 0.33 0.53 0.33 0.545 0.41 0.545 0.405 0.545 0.4 0.54 0.395 0.54 0.39 0.535 0.385 0.535 0.38 0.53 0.375 0.53 0.365 0.52 0.36 0.52 0.355 0.515 0.35 0.515 0.345 0.51 0.34 0.51
1 0.855 0.475 0.85 0.48 0.84 0.48 0.835 0.485 0.825 0.485 0.82 0.49 0.81 0.49 0.805 0.495 0.795 0.495 0.8 0.495 0.805 0.5 0.81 0.5 0.815 0.505 0.82 0.505 0.83 0.515 0.835 0.515 0.84 0.52 0.845 0.52 0.85 0.525 0.855 0.525 0.86 0.53 0.865 0.525 0.87 0.525 0.875 0.52 0.885 0.52 0.89 0.515 0.895 0.515 0.91 0.5 0.915 0.5 0.925 0.49 0.92 0.49 0.91 0.48 0.905 0.48 0.9 0.475
1 0.61 0.455 0.605 0.46 0.565 0.46 0.56 0.465 0.475 0.465 0.47 0.47 0.45 0.47 0.445 0.475 0.42 0.475 0.415 0.48 0.395 0.48 0.41 0.48 0.415 0.485 0.43 0.485 0.435 0.49 0.45 0.49 0.455 0.495 0.465 0.495 0.47 0.5 0.48 0.5 0.485 0.505 0.495 0.505 0.5 0.51 0.505 0.51 0.51 0.515 0.515 0.515 0.52 0.52 0.525 0.52 0.53 0.525 0.61 0.525 0.615 0.52 0.62 0.52 0.625 0.515 0.635 0.515 0.635 0.51 0.64 0.505 0.64 0.495 0.645 0.49 0.645 0.475 0.64 0.47 0.64 0.46 0.615 0.46
1 0.005 0.455 0.005 0.52 0.015 0.51 0.02 0.51 0.025 0.505 0.15 0.505 0.155 0.51 0.185 0.51 0.19 0.515 0.22 0.515 0.225 0.52 0.23 0.515 0.26 0.515 0.26 0.51 0.255 0.505 0.255 0.495 0.24 0.495 0.235 0.49 0.22 0.49 0.215 0.485 0.2 0.485 0.195 0.48 0.18 0.48 0.175 0.475 0.15 0.475 0.145 0.47 0.125 0.47 0.12 0.465 0.085 0.465 0.08 0.46 0.01 0.46
3 0.155 0.86 0.155 0.87 0.15 0.875 0.15 0.895 0.145 0.9 0.145 0.95 0.14 0.955 0.14 0.995 0.15 0.995 0.15 0.93 0.155 0.925
3 0.8 0.815 0.8 0.85 0.795 0.855 0.795 0.875 0.79 0.88 0.79 0.995 0.805 0.995 0.805 0.915 0.81 0.91 0.81 0.89 0.815 0.885 0.815 0.865 0.81 0.86 0.81 0.84 0.805 0.835 0.805 0.825 0.8 0.82
3 0.25 0.76 0.24 0.77 0.235 0.77 0.23 0.775 0.23 0.815 0.225 0.82 0.225 0.9 0.22 0.905 0.22 0.945 0.24 0.945 0.24 0.9 0.245 0.895 0.245 0.81 0.25 0.805
3 0.315 0.71 0.305 0.72 0.305 0.855 0.3 0.86 0.3 0.995 0.31 0.995 0.31 0.855 0.315 0.85
3 0.745 0.705 0.745 0.71 0.74 0.715 0.74 0.725 0.735 0.73 0.735 0.935 0.73 0.94 0.73 0.995 0.74 0.995 0.74 0.85 0.745 0.845 0.75 0.85 0.75 0.87 0.755 0.875 0.755 0.995 0.77 0.995 0.77 0.87 0.775 0.865 0.775 0.84 0.77 0.835 0.77 0.83 0.765 0.825 0.765 0.77 0.745 0.75
3 0.69 0.695 0.69 0.71 0.685 0.715 0.685 0.79 0.68 0.795 0.68 0.925 0.675 0.93 0.675 0.995 0.69 0.995 0.69 0.86 0.695 0.855 0.695 0.79 0.7 0.785 0.705 0.79 0.705 0.93 0.7 0.935 0.7 0.99 0.71 0.99 0.715 0.995 0.715 0.985 0.72 0.98 0.72 0.75 0.71 0.76 0.705 0.76 0.7 0.765 0.695 0.76 0.695 0.71 0.69 0.705
3 0.98 0.69 0.98 0.695 0.975 0.7 0.975 0.71 0.97 0.715 0.97 0.72 0.965 0.725 0.965 0.795 0.96 0.8 0.96 0.925 0.955 0.93 0.955 0.995 0.965 0.995 0.965 0.945 0.97 0.94 0.97 0.845 0.975 0.84 0.975 0.745 0.98 0.74
3 0.695 0.14 0.695 0.185 0.69 0.19 0.69 0.23 0.7 0.23 0.7 0.19 0.695 0.185
3 0.96 0.005 0.96 0.015 0.965 0.02 0.965 0.045 0.97 0.05 0.97 0.075 0.965 0.08 0.965 0.21 0.96 0.215 0.96 0.26 0.955 0.265 0.955 0.3 0.95 0.305 0.95 0.34 0.955 0.345 0.955 0.365 0.96 0.37 0.96 0.375 0.965 0.38 0.965 0.385 0.98 0.37 0.98 0.34 0.975 0.335 0.975 0.33 0.97 0.325 0.97 0.315 0.975 0.31 0.975 0.295 0.98 0.29 0.98 0.175 0.985 0.17 0.985 0.095 0.99 0.09 0.99 0.005
3 0.735 0.005 0.73 0.01 0.715 0.01 0.715 0.165 0.71 0.17 0.71 0.36 0.715 0.365 0.715 0.4 0.715 0.385 0.72 0.38 0.72 0.35 0.725 0.345 0.725 0.3 0.73 0.295 0.735 0.3 0.735 0.385 0.74 0.39 0.74 0.41 0.745 0.415 0.745 0.42 0.75 0.425 0.75 0.175 0.755 0.17 0.76 0.175 0.76 0.265 0.76 0.26 0.765 0.255 0.765 0.24 0.77 0.235 0.77 0.12 0.775 0.115 0.775 0.005 0.765 0.005 0.765 0.135 0.76 0.14 0.755 0.135 0.755 0.005 0.745 0.005 0.745 0.095 0.74 0.1 0.735 0.095
3 0.305 0.005 0.305 0.045 0.31 0.05 0.31 0.09 0.31 0.085 0.315 0.08 0.315 0.075 0.32 0.07 0.32 0.065 0.325 0.06 0.325 0.005
