1 0.595 0.915 0.59 0.92 0.47 0.92 0.515 0.92 0.52 0.925 0.53 0.925 0.535 0.93 0.55 0.93 0.555 0.935 0.565 0.935 0.57 0.94 0.585 0.94 0.59 0.945 0.605 0.945 0.61 0.95 0.615 0.95 0.62 0.955 0.63 0.955 0.635 0.96 0.64 0.96 0.645 0.965 0.7 0.965 0.69 0.955 0.69 0.95 0.675 0.935 0.67 0.935 0.655 0.92 0.645 0.92 0.64 0.915
1 0.375 0.9 0.37 0.905 0.325 0.905 0.32 0.91 0.275 0.91 0.31 0.91 0.315 0.915 0.32 0.91 0.365 0.91
1 0.23 0.865 0.225 0.87 0.21 0.87 0.205 0.875 0.19 0.875 0.235 0.875 0.24 0.88 0.245 0.875 0.255 0.875 0.245 0.875 0.24 0.87 0.235 0.87
1 0.89 0.71 0.885 0.715 0.805 0.715 0.81 0.72 0.815 0.72 0.825 0.73 0.83 0.73 0.84 0.74 0.895 0.74 0.9 0.745 0.905 0.74 0.935 0.74 0.93 0.74 0.92 0.73 0.915 0.73 0.905 0.72 0.9 0.72
1 0.72 0.66 0.715 0.665 0.705 0.665 0.7 0.67 0.69 0.67 0.685 0.675 0.67 0.675 0.665 0.68 0.655 0.68 0.67 0.68 0.675 0.685 0.685 0.685 0.69 0.69 0.705 0.69 0.71 0.695 0.75 0.695 0.755 0.69 0.755 0.685 0.76 0.68 0.745 0.665 0.725 0.665
1 0.695 0.62 0.69 0.625 0.67 0.625 0.665 0.63 0.64 0.63 0.645 0.635 0.65 0.635 0.665 0.65 0.67 0.645 0.7 0.645 0.705 0.64 0.71 0.64 0.72 0.63 0.725 0.63 0.715 0.63 0.71 0.625 0.7 0.625
1 0.54 0.6 0.535 0.605 0.485 0.605 0.49 0.61 0.495 0.61 0.51 0.625 0.545 0.625 0.55 0.62 0.555 0.62 0.56 0.615 0.565 0.615 0.57 0.61 0.575 0.61 0.58 0.605 0.585 0.605 0.545 0.605
1 0.005 0.57 0.005 0.665 0.01 0.66 0.085 0.66 0.09 0.665 0.11 0.665 0.115 0.67 0.135 0.67 0.14 0.675 0.215 0.675 0.22 0.68 0.235 0.68 0.24 0.685 0.325 0.685 0.325 0.68 0.33 0.675 0.33 0.665 0.325 0.66 0.325 0.65 0.315 0.65 0.31 0.645 0.29 0.645 0.28 0.635 0.285 0.63 0.29 0.63 0.3 0.62 0.305 0.62 0.31 0.615 0.315 0.615 0.32 0.61 0.325 0.61 0.335 0.6 0.34 0.6 0.345 0.595 0.345 0.59 0.35 0.585 0.285 0.585 0.28 0.58 0.265 0.58 0.25 0.595 0.245 0.595 0.24 0.6 0.145 0.6 0.135 0.59 0.135 0.585 0.125 0.585 0.12 0.58 0.11 0.58 0.105 0.575 0.09 0.575 0.085 0.57
1 0.005 0.325 0.005 0.415 0.12 0.415 0.125 0.41 0.145 0.41 0.15 0.405 0.205 0.405 0.21 0.4 0.27 0.4 0.275 0.405 0.31 0.405 0.315 0.41 0.345 0.41 0.35 0.415 0.38 0.415 0.385 0.42 0.42 0.42 0.425 0.425 0.465 0.425 0.47 0.42 0.48 0.42 0.485 0.415 0.495 0.415 0.5 0.41 0.635 0.41 0.64 0.415 0.655 0.415 0.66 0.42 0.96 0.42 0.965 0.425 0.98 0.425 0.985 0.43 0.985 0.4 0.98 0.395 0.98 0.39 0.94 0.39 0.935 0.385 0.785 0.385 0.78 0.38 0.705 0.38 0.7 0.385 0.625 0.385 0.62 0.38 0.58 0.38 0.575 0.375 0.52 0.375 0.515 0.37 0.48 0.37 0.475 0.375 0.38 0.375 0.375 0.37 0.35 0.37 0.345 0.365 0.29 0.365 0.285 0.36 0.27 0.36 0.265 0.355 0.235 0.355 0.23 0.35 0.215 0.35 0.21 0.345 0.195 0.345 0.19 0.34 0.16 0.34 0.155 0.335 0.12 0.335 0.115 0.33 0.01 0.33
3 0.535 0.185 0.53 0.19 0.405 0.19 0.455 0.19 0.46 0.195 0.56 0.195 0.565 0.2 0.625 0.2 0.63 0.205 0.785 0.205 0.76 0.205 0.755 0.2 0.73 0.2 0.725 0.195 0.695 0.195 0.69 0.19 0.67 0.19 0.665 0.185
3 0.005 0.075 0.005 0.105 0.01 0.105 0.015 0.11 0.02 0.11 0.03 0.12 0.035 0.12 0.04 0.125 0.045 0.125 0.055 0.135 0.06 0.135 0.07 0.145 0.075 0.145 0.085 0.155 0.095 0.155 0.1 0.16 0.1 0.165 0.095 0.17 0.095 0.175 0.09 0.18 0.085 0.18 0.085 0.195 0.095 0.195 0.105 0.185 0.115 0.185 0.125 0.195 0.135 0.195 0.14 0.2 0.155 0.2 0.155 0.195 0.16 0.19 0.155 0.19 0.15 0.185 0.12 0.185 0.115 0.18 0.115 0.175 0.11 0.17 0.11 0.155 0.105 0.15 0.105 0.145 0.09 0.13 0.085 0.13 0.08 0.125 0.075 0.125 0.065 0.115 0.06 0.115 0.05 0.105 0.045 0.105 0.035 0.095 0.03 0.095 0.02 0.085 0.015 0.085
