1 0.845 0.08 0.845 0.185 0.85 0.19 0.85 0.22 0.855 0.225 0.855 0.25 0.85 0.255 0.85 0.275 0.845 0.28 0.845 0.295 0.84 0.3 0.84 0.31 0.835 0.315 0.835 0.33 0.83 0.335 0.83 0.345 0.825 0.35 0.825 0.525 0.83 0.53 0.83 0.55 0.835 0.555 0.835 0.58 0.83 0.585 0.83 0.635 0.835 0.64 0.835 0.645 0.84 0.65 0.84 0.655 0.845 0.66 0.855 0.66 0.86 0.665 0.865 0.665 0.87 0.67 0.87 0.66 0.875 0.655 0.875 0.63 0.88 0.625 0.88 0.615 0.895 0.6 0.895 0.595 0.91 0.58 0.91 0.55 0.905 0.545 0.905 0.495 0.9 0.49 0.9 0.455 0.895 0.45 0.895 0.41 0.9 0.405 0.9 0.365 0.895 0.36 0.895 0.335 0.89 0.33 0.89 0.325 0.885 0.32 0.885 0.195 0.88 0.19 0.88 0.185 0.875 0.18 0.875 0.175 0.87 0.17 0.87 0.16 0.865 0.155 0.865 0.14 0.86 0.135 0.86 0.125 0.855 0.12 0.855 0.11 0.85 0.105 0.85 0.09 0.845 0.085
3 0.71 0.97 0.7 0.98 0.695 0.98 0.69 0.985 0.45 0.985 0.46 0.985 0.465 0.99 0.475 0.99 0.48 0.995 0.855 0.995 0.85 0.995 0.845 0.99 0.835 0.99 0.83 0.985 0.825 0.985 0.82 0.98 0.765 0.98 0.76 0.975 0.715 0.975
3 0.86 0.815 0.855 0.82 0.84 0.82 0.825 0.835 0.49 0.835 0.485 0.83 0.32 0.83 0.315 0.835 0.255 0.835 0.25 0.83 0.245 0.835 0.15 0.835 0.16 0.845 0.245 0.845 0.25 0.85 0.255 0.85 0.26 0.855 0.265 0.85 0.27 0.85 0.275 0.845 0.335 0.845 0.34 0.85 0.385 0.85 0.39 0.855 0.395 0.85 0.395 0.845 0.4 0.84 0.46 0.84 0.465 0.845 0.475 0.845 0.48 0.85 0.54 0.85 0.545 0.855 0.685 0.855 0.69 0.86 0.765 0.86 0.77 0.855 0.815 0.855 0.82 0.86 0.83 0.86 0.835 0.865 0.85 0.865 0.855 0.87 0.865 0.87 0.87 0.875 0.88 0.865 0.885 0.865 0.895 0.855 0.9 0.855 0.905 0.85 0.91 0.85 0.905 0.845 0.905 0.84 0.9 0.835 0.9 0.83 0.895 0.83 0.885 0.82 0.865 0.82
3 0.88 0.75 0.875 0.755 0.87 0.755 0.865 0.76 0.855 0.76 0.85 0.765 0.655 0.765 0.67 0.765 0.675 0.77 0.81 0.77 0.815 0.775 0.935 0.775 0.935 0.77 0.94 0.765 0.925 0.765 0.92 0.76 0.925 0.755 0.99 0.755 0.985 0.75
3 0.005 0.67 0.005 0.675 0.01 0.68 0.01 0.685 0.14 0.685 0.145 0.68 0.16 0.68 0.145 0.68 0.14 0.675 0.125 0.675 0.12 0.67
3 0.005 0.295 0.005 0.305 0.175 0.305 0.18 0.31 0.185 0.305 0.29 0.305 0.295 0.3 0.32 0.3 0.195 0.3 0.19 0.295
3 0.005 0.24 0.005 0.285 0.645 0.285 0.645 0.28 0.65 0.275 0.44 0.275 0.435 0.27 0.225 0.27 0.22 0.265 0.01 0.265 0.005 0.26 0.01 0.255 0.32 0.255 0.325 0.26 0.635 0.26 0.64 0.265 0.635 0.26 0.635 0.255 0.43 0.255 0.425 0.25 0.22 0.25 0.215 0.245 0.01 0.245
3 0.005 0.205 0.005 0.23 0.365 0.23 0.37 0.235 0.37 0.225 0.375 0.22 0.375 0.215 0.075 0.215 0.07 0.21 0.01 0.21
3 0.005 0.17 0.005 0.19 0.175 0.19 0.18 0.195 0.35 0.195 0.355 0.2 0.39 0.2 0.39 0.195 0.395 0.19 0.395 0.185 0.13 0.185 0.125 0.18 0.035 0.18 0.03 0.175 0.01 0.175
3 0.005 0.01 0.005 0.025 0.09 0.025 0.095 0.03 0.225 0.03 0.23 0.035 0.455 0.035 0.46 0.04 0.6 0.04 0.605 0.045 0.645 0.045 0.65 0.04 0.66 0.04 0.66 0.03 0.59 0.03 0.585 0.025 0.44 0.025 0.435 0.02 0.38 0.02 0.375 0.015 0.01 0.015
