1 0.65 0.29 0.65 0.385 0.645 0.39 0.645 0.425 0.64 0.43 0.64 0.45 0.665 0.45 0.665 0.43 0.67 0.425 0.67 0.375 0.675 0.37 0.675 0.34 0.67 0.335 0.67 0.33 0.665 0.325 0.665 0.32 0.66 0.315 0.66 0.31 0.655 0.305 0.655 0.3 0.65 0.295
1 0.73 0.07 0.73 0.125 0.725 0.13 0.725 0.215 0.73 0.22 0.73 0.335 0.725 0.34 0.725 0.36 0.72 0.365 0.72 0.38 0.715 0.385 0.715 0.39 0.72 0.395 0.725 0.395 0.735 0.405 0.74 0.405 0.75 0.415 0.755 0.41 0.755 0.405 0.76 0.4 0.76 0.395 0.765 0.39 0.765 0.335 0.77 0.33 0.77 0.325 0.785 0.31 0.81 0.31 0.815 0.315 0.815 0.32 0.82 0.325 0.82 0.33 0.825 0.335 0.825 0.34 0.83 0.34 0.84 0.35 0.845 0.345 0.845 0.34 0.855 0.33 0.855 0.325 0.86 0.32 0.86 0.295 0.865 0.29 0.865 0.265 0.85 0.25 0.845 0.25 0.84 0.245 0.835 0.245 0.83 0.24 0.83 0.21 0.825 0.205 0.825 0.16 0.83 0.155 0.83 0.145 0.825 0.14 0.82 0.14 0.8 0.12 0.795 0.12 0.785 0.11 0.785 0.165 0.78 0.17 0.765 0.17 0.755 0.16 0.755 0.145 0.75 0.14 0.75 0.125 0.745 0.12 0.745 0.11 0.74 0.105 0.74 0.095 0.735 0.09 0.735 0.08 0.73 0.075
3 0.355 0.74 0.35 0.745 0.295 0.745 0.325 0.745 0.33 0.75 0.375 0.75 0.38 0.755 0.425 0.755 0.42 0.755 0.415 0.75 0.41 0.75 0.405 0.745 0.385 0.745 0.38 0.74
3 0.23 0.705 0.225 0.71 0.185 0.71 0.18 0.715 0.145 0.715 0.14 0.72 0.01 0.72 0.005 0.715 0.005 0.73 0.2 0.73 0.205 0.735 0.21 0.73 0.405 0.73 0.415 0.72 0.42 0.72 0.395 0.72 0.39 0.715 0.31 0.715 0.305 0.71 0.305 0.705 0.29 0.705 0.29 0.71 0.285 0.715 0.255 0.715 0.245 0.705
3 0.99 0.69 0.985 0.695 0.775 0.695 0.78 0.695 0.785 0.7 0.79 0.7 0.795 0.705 0.975 0.705 0.98 0.71 0.98 0.715 0.975 0.72 0.885 0.72 0.915 0.72 0.92 0.725 0.945 0.725 0.95 0.73 0.98 0.73 0.985 0.735 0.98 0.74 0.73 0.74 0.725 0.735 0.625 0.735 0.62 0.73 0.54 0.73 0.535 0.725 0.44 0.725 0.435 0.72 0.435 0.75 0.545 0.75 0.55 0.755 0.555 0.755 0.57 0.77 0.57 0.775 0.575 0.78 0.575 0.785 0.59 0.785 0.59 0.78 0.595 0.775 0.595 0.77 0.605 0.76 0.62 0.76 0.625 0.765 0.63 0.765 0.635 0.77 0.64 0.765 0.98 0.765 0.985 0.76 0.99 0.76 0.99 0.73 0.995 0.725 0.995 0.695
3 0.55 0.54 0.545 0.545 0.455 0.545 0.455 0.55 0.45 0.555 0.535 0.555 0.54 0.56 0.585 0.56 0.59 0.555 0.65 0.555 0.655 0.55 0.675 0.55 0.645 0.55 0.64 0.545 0.58 0.545 0.575 0.54
3 0.33 0.535 0.325 0.54 0.275 0.54 0.32 0.54 0.325 0.545 0.365 0.545 0.37 0.55 0.375 0.545 0.405 0.545 0.39 0.545 0.385 0.54 0.335 0.54
3 0.105 0.535 0.165 0.535 0.17 0.54 0.205 0.54 0.21 0.535 0.215 0.535
3 0.015 0.445 0.015 0.45 0.02 0.455 0.02 0.46 0.025 0.465 0.025 0.47 0.135 0.47 0.14 0.475 0.145 0.47 0.155 0.47 0.16 0.465 0.275 0.465 0.28 0.47 0.33 0.47 0.335 0.475 0.355 0.475 0.355 0.465 0.35 0.46 0.35 0.45 0.02 0.45
3 0.005 0.375 0.005 0.395 0.45 0.395 0.445 0.39 0.445 0.385 0.27 0.385 0.265 0.38 0.01 0.38
3 0.0 0.0 0.005 0.005 0.005 0.01 0.28 0.01 0.285 0.015 0.425 0.015 0.43 0.02 0.435 0.015 0.52 0.015 0.515 0.01 0.515 0.005 0.255 0.005 0.25 0.0
