1 0.5 0.815 0.495 0.82 0.49 0.82 0.48 0.83 0.475 0.83 0.475 0.855 0.47 0.86 0.47 0.935 0.465 0.94 0.465 0.945 0.46 0.95 0.46 0.98 0.465 0.985 0.465 0.99 0.515 0.99 0.515 0.97 0.51 0.965 0.51 0.935 0.505 0.93 0.505 0.915 0.5 0.91
1 0.265 0.63 0.265 0.635 0.26 0.64 0.26 0.645 0.255 0.65 0.255 0.66 0.25 0.665 0.25 0.67 0.245 0.675 0.245 0.715 0.24 0.72 0.24 0.75 0.265 0.775 0.265 0.79 0.26 0.795 0.26 0.875 0.255 0.88 0.255 0.915 0.255 0.91 0.26 0.905 0.26 0.89 0.265 0.885 0.265 0.875 0.27 0.87 0.27 0.83 0.275 0.825 0.275 0.705 0.27 0.7 0.27 0.655 0.265 0.65
1 0.525 0.56 0.525 0.58 0.52 0.585 0.52 0.615 0.515 0.62 0.515 0.64 0.51 0.645 0.51 0.665 0.515 0.665 0.525 0.675 0.545 0.675 0.55 0.68 0.55 0.675 0.555 0.67 0.555 0.665 0.55 0.66 0.55 0.655 0.545 0.65 0.545 0.645 0.54 0.64 0.54 0.63 0.535 0.625 0.535 0.605 0.53 0.6 0.53 0.575 0.525 0.57
1 0.455 0.4 0.455 0.415 0.46 0.42 0.46 0.45 0.465 0.455 0.465 0.485 0.47 0.49 0.47 0.52 0.475 0.525 0.475 0.55 0.47 0.555 0.47 0.58 0.465 0.585 0.465 0.635 0.46 0.64 0.46 0.645 0.465 0.64 0.475 0.64 0.475 0.63 0.48 0.625 0.48 0.61 0.485 0.605 0.485 0.59 0.49 0.585 0.49 0.555 0.495 0.55 0.495 0.525 0.5 0.52 0.5 0.51 0.505 0.505 0.505 0.5 0.51 0.495 0.51 0.485 0.515 0.48 0.515 0.465 0.52 0.46 0.52 0.43 0.525 0.425 0.525 0.405 0.46 0.405
1 0.475 0.075 0.475 0.095 0.48 0.1 0.48 0.14 0.475 0.145 0.475 0.18 0.47 0.185 0.47 0.205 0.465 0.21 0.465 0.215 0.505 0.215 0.505 0.21 0.51 0.205 0.51 0.195 0.515 0.19 0.515 0.16 0.52 0.155 0.52 0.115 0.505 0.1 0.5 0.1
3 0.99 0.84 0.985 0.845 0.855 0.845 0.91 0.845 0.915 0.85 0.945 0.85 0.955 0.86 0.96 0.86 0.97 0.87 0.975 0.865 0.995 0.865 0.995 0.855 0.99 0.85
3 0.71 0.68 0.71 0.685 0.715 0.69 0.715 0.695 0.85 0.695 0.855 0.7 0.99 0.7 0.995 0.705 0.995 0.69 0.855 0.69 0.85 0.685 0.715 0.685
3 0.0 0.675 0.0 0.695 0.075 0.695 0.075 0.675
3 0.86 0.225 0.855 0.23 0.815 0.23 0.81 0.235 0.775 0.235 0.77 0.24 0.73 0.24 0.73 0.275 0.725 0.28 0.725 0.31 0.81 0.31 0.815 0.315 0.895 0.315 0.9 0.32 0.985 0.32 0.99 0.325 0.99 0.28 0.995 0.275 0.995 0.235 0.895 0.235 0.89 0.23 0.865 0.23
3 0.005 0.225 0.005 0.285 0.325 0.285 0.33 0.29 0.4 0.29 0.4 0.285 0.395 0.28 0.395 0.275 0.39 0.27 0.39 0.265 0.385 0.26 0.385 0.255 0.355 0.255 0.35 0.25 0.32 0.25 0.315 0.245 0.305 0.245 0.3 0.24 0.285 0.24 0.28 0.235 0.27 0.235 0.265 0.23 0.23 0.23 0.225 0.225
3 0.74 0.19 0.8 0.19 0.805 0.195 0.86 0.195 0.865 0.2 0.87 0.2 0.875 0.205 0.88 0.205 0.885 0.21 0.985 0.21 0.995 0.2 0.985 0.2 0.98 0.195 0.875 0.195 0.87 0.19
3 0.715 0.025 0.725 0.025 0.73 0.03 0.735 0.03 0.74 0.035 0.765 0.035 0.77 0.04 0.795 0.04 0.8 0.045 0.805 0.04 0.95 0.04 0.955 0.045 0.98 0.045 0.985 0.05 0.99 0.045 0.99 0.04 0.995 0.035 0.975 0.035 0.97 0.03 0.87 0.03 0.865 0.025
3 0.0 0.015 0.0 0.025 0.005 0.03 0.005 0.04 0.01 0.035 0.03 0.035 0.035 0.03 0.095 0.03 0.1 0.035 0.11 0.035 0.115 0.04 0.15 0.04 0.155 0.045 0.34 0.045 0.345 0.04 0.36 0.04 0.365 0.035 0.375 0.035 0.38 0.03 0.435 0.03 0.44 0.035 0.445 0.035 0.45 0.04 0.47 0.04 0.475 0.045 0.49 0.045 0.49 0.04 0.495 0.035 0.49 0.035 0.485 0.03 0.48 0.03 0.475 0.025 0.43 0.025 0.425 0.02 0.41 0.02 0.405 0.015 0.385 0.015 0.38 0.02 0.32 0.02 0.315 0.025 0.29 0.025 0.285 0.02 0.095 0.02 0.09 0.015
