1 0.635 0.755 0.635 0.77 0.64 0.775 0.64 0.81 0.645 0.815 0.645 0.835 0.645 0.8 0.65 0.795 0.65 0.76 0.64 0.76
1 0.705 0.67 0.705 0.68 0.7 0.685 0.7 0.71 0.695 0.715 0.695 0.73 0.7 0.735 0.7 0.75 0.705 0.755 0.705 0.775 0.71 0.78 0.71 0.815 0.715 0.82 0.715 0.835 0.715 0.805 0.72 0.8 0.72 0.75 0.715 0.745 0.715 0.715 0.71 0.71 0.71 0.685 0.705 0.68
1 0.65 0.63 0.65 0.635 0.645 0.64 0.645 0.655 0.64 0.66 0.64 0.67 0.645 0.675 0.645 0.69 0.65 0.695 0.65 0.7 0.655 0.705 0.655 0.71 0.66 0.715 0.66 0.72 0.665 0.725 0.665 0.71 0.66 0.705 0.66 0.68 0.655 0.675 0.655 0.65 0.65 0.645
1 0.665 0.48 0.665 0.56 0.675 0.57 0.675 0.58 0.68 0.585 0.68 0.61 0.685 0.615 0.685 0.63 0.69 0.625 0.695 0.625 0.7 0.62 0.705 0.62 0.705 0.56 0.7 0.555 0.7 0.49 0.685 0.49 0.68 0.485 0.67 0.485
1 0.695 0.025 0.695 0.08 0.7 0.085 0.7 0.1 0.705 0.105 0.705 0.11 0.705 0.1 0.71 0.095 0.71 0.08 0.705 0.075 0.705 0.06 0.7 0.055 0.7 0.04 0.695 0.035
1 0.66 0.005 0.66 0.02 0.665 0.025 0.665 0.06 0.66 0.065 0.66 0.1 0.655 0.105 0.655 0.18 0.655 0.165 0.66 0.16 0.66 0.135 0.665 0.13 0.665 0.11 0.67 0.105 0.67 0.08 0.675 0.075 0.675 0.06 0.67 0.055 0.67 0.04 0.665 0.035 0.665 0.02 0.66 0.015
3 0.005 0.95 0.005 0.97 0.01 0.975 0.01 0.995 0.525 0.995 0.525 0.955 0.01 0.955
3 0.85 0.895 0.855 0.9 0.855 0.905 0.86 0.91 0.89 0.91 0.895 0.915 0.92 0.915 0.925 0.92 0.955 0.92 0.96 0.925 0.985 0.925 0.99 0.93 0.99 0.925 0.995 0.92 0.97 0.92 0.965 0.915 0.94 0.915 0.935 0.91 0.915 0.91 0.91 0.905 0.885 0.905 0.88 0.9 0.855 0.9
3 0.0 0.785 0.0 0.825 0.035 0.825 0.04 0.83 0.08 0.83 0.085 0.835 0.12 0.835 0.125 0.84 0.16 0.84 0.165 0.845 0.19 0.845 0.195 0.85 0.215 0.85 0.22 0.855 0.225 0.85 0.235 0.85 0.22 0.85 0.215 0.845 0.205 0.845 0.2 0.84 0.185 0.84 0.18 0.835 0.165 0.835 0.16 0.83 0.15 0.83 0.145 0.825 0.095 0.825 0.085 0.815 0.085 0.81 0.07 0.795 0.04 0.795 0.035 0.79 0.005 0.79
3 0.33 0.78 0.335 0.78 0.34 0.785 0.385 0.785 0.39 0.79 0.385 0.785 0.385 0.78
3 0.34 0.38 0.35 0.39 0.35 0.395 0.36 0.405 0.39 0.405 0.395 0.41 0.43 0.41 0.435 0.415 0.465 0.415 0.47 0.42 0.48 0.42 0.485 0.425 0.49 0.425 0.495 0.43 0.505 0.43 0.51 0.435 0.515 0.435 0.52 0.44 0.55 0.44 0.555 0.435 0.565 0.435 0.57 0.43 0.58 0.43 0.575 0.425 0.575 0.42 0.57 0.415 0.57 0.41 0.52 0.41 0.515 0.405 0.5 0.405 0.495 0.4 0.48 0.4 0.475 0.395 0.435 0.395 0.43 0.39 0.39 0.39 0.385 0.385 0.345 0.385
3 0.005 0.24 0.005 0.26 0.01 0.255 0.02 0.255 0.03 0.265 0.03 0.27 0.045 0.27 0.05 0.265 0.205 0.265 0.21 0.27 0.295 0.27 0.3 0.275 0.31 0.275 0.315 0.27 0.315 0.265 0.325 0.255 0.315 0.255 0.31 0.25 0.195 0.25 0.19 0.245 0.155 0.245 0.15 0.24
