2 0.87 0.305 0.865 0.31 0.845 0.31 0.84 0.315 0.82 0.315 0.815 0.32 0.81 0.32 0.805 0.325 0.8 0.325 0.795 0.33 0.79 0.33 0.785 0.335 0.78 0.335 0.775 0.34 0.775 0.345 0.77 0.35 0.77 0.355 0.76 0.365 0.76 0.37 0.75 0.38 0.75 0.385 0.745 0.39 0.745 0.395 0.74 0.4 0.74 0.405 0.735 0.41 0.735 0.415 0.73 0.42 0.73 0.435 0.725 0.44 0.725 0.455 0.73 0.46 0.73 0.47 0.735 0.475 0.735 0.49 0.74 0.495 0.74 0.505 0.745 0.51 0.745 0.52 0.75 0.525 0.75 0.54 0.755 0.545 0.755 0.555 0.76 0.56 0.76 0.57 0.765 0.575 0.765 0.585 0.77 0.59 0.77 0.605 0.775 0.61 0.775 0.63 0.78 0.635 0.78 0.655 0.775 0.66 0.775 0.675 0.77 0.68 0.77 0.7 0.775 0.705 0.775 0.735 0.78 0.74 0.78 0.775 0.785 0.78 0.785 0.8 0.79 0.805 0.79 0.81 0.795 0.815 0.795 0.82 0.8 0.825 0.8 0.83 0.805 0.835 0.805 0.91 0.81 0.915 0.81 0.92 0.815 0.925 0.815 0.935 0.82 0.94 0.82 0.96 0.825 0.965 0.825 0.98 0.83 0.98 0.835 0.985 0.84 0.985 0.85 0.995 0.905 0.995 0.91 0.99 0.92 0.99 0.89 0.96 0.89 0.955 0.895 0.95 0.895 0.935 0.9 0.93 0.9 0.92 0.905 0.915 0.905 0.91 0.91 0.905 0.91 0.9 0.915 0.895 0.915 0.89 0.92 0.885 0.92 0.875 0.925 0.87 0.925 0.855 0.93 0.85 0.93 0.815 0.925 0.81 0.925 0.75 0.93 0.745 0.93 0.705 0.925 0.7 0.925 0.695 0.92 0.69 0.92 0.685 0.915 0.68 0.915 0.675 0.91 0.67 0.91 0.665 0.905 0.66 0.905 0.655 0.9 0.65 0.9 0.645 0.895 0.64 0.895 0.625 0.89 0.62 0.89 0.595 0.885 0.59 0.885 0.48 0.88 0.475 0.88 0.425 0.875 0.42 0.875 0.36 0.87 0.355
2 0.825 0.09 0.82 0.095 0.82 0.1 0.81 0.11 0.81 0.115 0.795 0.13 0.795 0.135 0.79 0.14 0.79 0.215 0.795 0.22 0.795 0.245 0.805 0.245 0.81 0.25 0.82 0.25 0.825 0.255 0.83 0.25 0.84 0.25 0.845 0.245 0.86 0.245 0.865 0.24 0.865 0.235 0.87 0.23 0.87 0.225 0.875 0.22 0.875 0.21 0.87 0.205 0.87 0.19 0.865 0.185 0.865 0.175 0.86 0.17 0.86 0.165 0.855 0.16 0.855 0.155 0.85 0.15 0.85 0.14 0.845 0.135 0.845 0.13 0.84 0.125 0.84 0.12 0.835 0.115 0.835 0.11 0.83 0.105 0.83 0.1 0.825 0.095
3 0.36 0.86 0.36 0.925 0.355 0.93 0.355 0.995 0.365 0.995 0.365 0.88 0.36 0.875
3 0.08 0.7 0.08 0.715 0.075 0.72 0.075 0.745 0.07 0.75 0.07 0.775 0.065 0.78 0.065 0.805 0.06 0.81 0.06 0.82 0.065 0.815 0.065 0.81 0.07 0.805 0.07 0.78 0.075 0.775 0.075 0.73 0.08 0.725
3 0.375 0.49 0.375 0.55 0.37 0.555 0.37 0.62 0.37 0.56 0.375 0.555
3 0.14 0.47 0.14 0.48 0.135 0.485 0.135 0.505 0.13 0.51 0.13 0.53 0.125 0.535 0.125 0.555 0.12 0.56 0.12 0.6 0.115 0.605 0.115 0.655 0.11 0.66 0.11 0.71 0.105 0.715 0.105 0.74 0.105 0.735 0.11 0.73 0.11 0.715 0.115 0.71 0.115 0.695 0.12 0.69 0.12 0.665 0.125 0.66 0.125 0.635 0.13 0.63 0.13 0.6 0.135 0.595 0.135 0.555 0.14 0.55 0.14 0.515 0.145 0.51 0.145 0.485 0.14 0.48
3 0.365 0.27 0.365 0.505 0.365 0.485 0.37 0.48 0.37 0.31 0.365 0.305
3 0.365 0.09 0.365 0.14 0.36 0.145 0.36 0.195 0.36 0.175 0.365 0.17 0.365 0.135 0.37 0.13 0.37 0.105 0.365 0.1
3 0.205 0.0 0.205 0.01 0.2 0.015 0.2 0.035 0.195 0.04 0.195 0.055 0.19 0.06 0.19 0.08 0.185 0.085 0.185 0.105 0.18 0.11 0.18 0.125 0.175 0.13 0.175 0.15 0.17 0.155 0.17 0.17 0.165 0.175 0.165 0.18 0.16 0.185 0.16 0.22 0.165 0.225 0.165 0.235 0.175 0.225 0.18 0.225 0.18 0.21 0.185 0.205 0.185 0.165 0.19 0.16 0.19 0.135 0.195 0.13 0.195 0.105 0.2 0.1 0.2 0.075 0.205 0.07 0.205 0.045 0.21 0.04 0.21 0.015 0.215 0.01 0.215 0.0
3 0.16 0.0 0.15 0.01 0.15 0.02 0.145 0.025 0.145 0.065 0.14 0.07 0.14 0.085 0.135 0.09 0.135 0.105 0.13 0.11 0.13 0.125 0.125 0.13 0.125 0.145 0.12 0.15 0.12 0.165 0.115 0.17 0.115 0.19 0.11 0.195 0.11 0.22 0.105 0.225 0.105 0.245 0.1 0.25 0.1 0.275 0.095 0.28 0.095 0.3 0.09 0.305 0.09 0.33 0.085 0.335 0.085 0.355 0.08 0.36 0.08 0.38 0.075 0.385 0.075 0.41 0.07 0.415 0.07 0.435 0.065 0.44 0.065 0.46 0.06 0.465 0.06 0.485 0.055 0.49 0.055 0.515 0.05 0.52 0.05 0.54 0.045 0.545 0.045 0.58 0.04 0.585 0.04 0.63 0.035 0.635 0.035 0.655 0.035 0.645 0.04 0.64 0.04 0.62 0.045 0.615 0.045 0.595 0.05 0.59 0.05 0.57 0.055 0.565 0.055 0.55 0.06 0.545 0.06 0.525 0.065 0.52 0.065 0.5 0.07 0.495 0.07 0.48 0.075 0.475 0.075 0.47 0.08 0.465 0.08 0.455 0.085 0.45 0.085 0.445 0.09 0.44 0.09 0.435 0.095 0.43 0.095 0.405 0.09 0.4 0.09 0.375 0.095 0.37 0.095 0.36 0.1 0.355 0.1 0.34 0.105 0.335 0.105 0.325 0.11 0.32 0.11 0.31 0.115 0.305 0.115 0.285 0.12 0.28 0.12 0.265 0.125 0.26 0.125 0.255 0.13 0.25 0.13 0.215 0.135 0.21 0.135 0.185 0.14 0.18 0.14 0.155 0.145 0.15 0.145 0.125 0.15 0.12 0.15 0.105 0.155 0.1 0.155 0.095 0.16 0.09 0.16 0.085 0.17 0.075 0.17 0.07 0.175 0.065 0.175 0.05 0.18 0.045 0.18 0.04 0.17 0.04 0.165 0.035 0.17 0.03 0.17 0.015 0.175 0.01 0.175 0.005 0.165 0.005
