1 0.335 0.56 0.335 0.585 0.34 0.59 0.34 0.615 0.34 0.58 0.335 0.575
1 0.15 0.35 0.15 0.39 0.145 0.395 0.145 0.445 0.15 0.45 0.15 0.5 0.15 0.425 0.155 0.42 0.155 0.415 0.16 0.41 0.16 0.39 0.165 0.385 0.165 0.375 0.16 0.37 0.16 0.365 0.155 0.36 0.155 0.355
1 0.2 0.34 0.2 0.365 0.195 0.37 0.195 0.4 0.2 0.405 0.2 0.48 0.205 0.485 0.205 0.515 0.21 0.52 0.21 0.53 0.21 0.43 0.215 0.425 0.215 0.37 0.22 0.365 0.22 0.34
1 0.35 0.315 0.35 0.35 0.345 0.355 0.345 0.47 0.34 0.475 0.34 0.51 0.34 0.48 0.345 0.475 0.345 0.445 0.35 0.44 0.35 0.435 0.355 0.43 0.365 0.43 0.37 0.435 0.37 0.445 0.375 0.45 0.375 0.515 0.38 0.52 0.38 0.535 0.385 0.54 0.385 0.545 0.39 0.55 0.39 0.555 0.4 0.545 0.4 0.525 0.405 0.52 0.405 0.485 0.41 0.48 0.41 0.445 0.415 0.44 0.415 0.425 0.405 0.415 0.405 0.315
1 0.365 0.215 0.365 0.225 0.36 0.23 0.36 0.245 0.355 0.25 0.355 0.26 0.355 0.25 0.36 0.245 0.36 0.23 0.365 0.225
1 0.525 0.125 0.525 0.14 0.52 0.145 0.52 0.18 0.515 0.185 0.515 0.2 0.515 0.19 0.52 0.185 0.52 0.155 0.525 0.15
1 0.3 0.125 0.3 0.155 0.305 0.16 0.305 0.24 0.305 0.215 0.31 0.21 0.31 0.14 0.305 0.135 0.305 0.13
1 0.215 0.0 0.215 0.175 0.22 0.18 0.22 0.205 0.22 0.195 0.225 0.19 0.225 0.165 0.23 0.16 0.23 0.135 0.235 0.13 0.235 0.085 0.24 0.08 0.24 0.035 0.235 0.03 0.235 0.005 0.22 0.005
2 0.13 0.73 0.125 0.735 0.09 0.735 0.06 0.765 0.06 0.77 0.055 0.775 0.055 0.785 0.05 0.79 0.05 0.795 0.045 0.8 0.045 0.81 0.04 0.815 0.04 0.87 0.045 0.875 0.045 0.89 0.05 0.895 0.05 0.9 0.06 0.91 0.06 0.915 0.065 0.92 0.075 0.92 0.08 0.925 0.09 0.925 0.095 0.93 0.105 0.93 0.11 0.935 0.12 0.935 0.125 0.94 0.16 0.94 0.165 0.945 0.185 0.925 0.185 0.915 0.19 0.91 0.19 0.895 0.195 0.89 0.195 0.86 0.19 0.855 0.19 0.815 0.185 0.81 0.185 0.785 0.18 0.78 0.18 0.77 0.175 0.765 0.17 0.765 0.15 0.745 0.145 0.745
3 0.695 0.0 0.695 0.09 0.69 0.095 0.69 0.28 0.685 0.285 0.685 0.47 0.68 0.475 0.68 0.57 0.675 0.575 0.675 0.59 0.68 0.595 0.68 0.81 0.675 0.815 0.675 0.995 0.715 0.995 0.715 0.915 0.72 0.91 0.72 0.755 0.725 0.75 0.725 0.59 0.73 0.585 0.73 0.425 0.735 0.42 0.735 0.265 0.74 0.26 0.74 0.16 0.755 0.145 0.76 0.15 0.76 0.16 0.755 0.165 0.755 0.205 0.76 0.21 0.76 0.52 0.765 0.525 0.765 0.62 0.77 0.625 0.77 0.65 0.775 0.655 0.775 0.685 0.78 0.69 0.78 0.785 0.785 0.79 0.785 0.85 0.78 0.855 0.78 0.885 0.775 0.89 0.775 0.915 0.78 0.92 0.78 0.96 0.785 0.965 0.785 0.995 0.865 0.995 0.865 0.905 0.87 0.9 0.87 0.855 0.865 0.85 0.865 0.815 0.86 0.81 0.86 0.72 0.865 0.715 0.865 0.69 0.87 0.685 0.87 0.67 0.865 0.665 0.865 0.65 0.86 0.645 0.86 0.625 0.855 0.62 0.855 0.455 0.85 0.45 0.85 0.445 0.845 0.44 0.845 0.435 0.84 0.43 0.84 0.355 0.835 0.35 0.835 0.21 0.83 0.205 0.83 0.125 0.835 0.12 0.835 0.095 0.84 0.09 0.84 0.045 0.835 0.04 0.835 0.0
