1 0.425 0.75 0.42 0.755 0.35 0.755 0.36 0.755 0.365 0.76 0.375 0.76 0.38 0.765 0.39 0.765 0.395 0.77 0.405 0.77 0.41 0.775 0.42 0.775 0.425 0.78 0.455 0.78 0.46 0.785 0.485 0.785 0.49 0.79 0.54 0.79 0.545 0.795 0.55 0.79 0.585 0.79 0.59 0.785 0.59 0.78 0.595 0.775 0.595 0.77 0.6 0.765 0.545 0.765 0.54 0.76 0.485 0.76 0.48 0.755 0.43 0.755
1 0.695 0.2 0.69 0.205 0.665 0.205 0.66 0.21 0.64 0.21 0.635 0.215 0.61 0.215 0.65 0.215 0.655 0.22 0.705 0.22 0.715 0.21 0.72 0.21 0.725 0.205 0.7 0.205
3 0.045 0.87 0.045 0.875 0.04 0.88 0.04 0.93 0.035 0.935 0.035 0.98 0.04 0.98 0.045 0.985 0.045 0.94 0.05 0.935 0.05 0.89 0.045 0.885
3 0.2 0.845 0.2 0.95 0.2 0.92 0.205 0.915 0.205 0.88 0.21 0.875 0.21 0.855
3 0.205 0.585 0.205 0.835 0.205 0.76 0.21 0.755 0.21 0.665 0.215 0.66 0.215 0.585
3 0.39 0.365 0.39 0.395 0.385 0.4 0.385 0.435 0.39 0.44 0.39 0.45
3 0.42 0.295 0.42 0.325 0.415 0.33 0.415 0.385 0.41 0.39 0.41 0.45 0.42 0.45 0.425 0.455 0.43 0.45 0.43 0.445 0.425 0.44 0.425 0.34 0.42 0.335
3 0.065 0.29 0.06 0.295 0.06 0.3 0.055 0.305 0.055 0.31 0.05 0.315 0.05 0.33 0.055 0.335 0.055 0.375 0.05 0.38 0.05 0.41 0.055 0.415 0.055 0.455 0.05 0.46 0.05 0.475 0.045 0.48 0.045 0.495 0.05 0.5 0.05 0.555 0.045 0.56 0.045 0.7 0.04 0.705 0.04 0.84 0.04 0.835 0.045 0.83 0.045 0.825 0.05 0.82 0.05 0.815 0.055 0.81 0.055 0.755 0.06 0.75 0.06 0.61 0.065 0.605 0.065 0.385 0.07 0.38 0.07 0.3 0.065 0.295
3 0.06 0.16 0.06 0.23 0.055 0.235 0.055 0.24 0.06 0.245 0.06 0.25 0.065 0.255 0.065 0.26 0.065 0.21 0.07 0.205 0.07 0.16
3 0.39 0.01 0.39 0.045 0.385 0.05 0.385 0.1 0.38 0.105 0.38 0.125 0.385 0.13 0.385 0.145 0.39 0.15 0.39 0.155 0.395 0.155 0.4 0.16 0.4 0.155 0.405 0.15 0.405 0.135 0.4 0.13 0.4 0.12 0.395 0.115 0.395 0.09 0.4 0.085 0.4 0.015 0.395 0.015
3 0.065 0.005 0.065 0.09 0.075 0.08 0.075 0.045 0.07 0.04 0.07 0.005
