1 0.735 0.715 0.73 0.72 0.71 0.72 0.705 0.725 0.645 0.725 0.665 0.725 0.67 0.73 0.685 0.73 0.69 0.735 0.705 0.735 0.71 0.74 0.755 0.74 0.76 0.745 0.765 0.74 0.775 0.74 0.78 0.735 0.79 0.735 0.795 0.73 0.8 0.73 0.805 0.725 0.815 0.725 0.82 0.72 0.825 0.72 0.795 0.72 0.79 0.715
1 0.625 0.46 0.62 0.465 0.6 0.465 0.595 0.47 0.575 0.47 0.59 0.47 0.595 0.475 0.61 0.475 0.615 0.48 0.625 0.48 0.63 0.485 0.645 0.485 0.65 0.49 0.67 0.49 0.675 0.495 0.695 0.495 0.7 0.5 0.76 0.5 0.765 0.505 0.775 0.505 0.78 0.51 0.795 0.51 0.8 0.515 0.81 0.515 0.815 0.52 0.825 0.52 0.83 0.525 0.84 0.525 0.845 0.53 0.935 0.53 0.94 0.535 0.965 0.535 0.97 0.54 0.99 0.54 0.995 0.545 0.995 0.49 0.99 0.485 0.985 0.485 0.98 0.48 0.975 0.485 0.965 0.485 0.96 0.49 0.77 0.49 0.765 0.485 0.74 0.485 0.735 0.48 0.745 0.47 0.75 0.47 0.72 0.47 0.715 0.465 0.675 0.465 0.67 0.46
3 0.695 0.915 0.68 0.93 0.68 0.995 0.69 0.995 0.69 0.955 0.695 0.95
3 0.305 0.775 0.305 0.875 0.305 0.83 0.31 0.825 0.31 0.785 0.305 0.78
3 0.31 0.695 0.31 0.715 0.305 0.72 0.305 0.745 0.305 0.725 0.31 0.72
3 0.28 0.625 0.28 0.63 0.275 0.635 0.275 0.65 0.27 0.655 0.27 0.665 0.265 0.67 0.265 0.685 0.26 0.69 0.26 0.7 0.255 0.705 0.255 0.71 0.25 0.715 0.25 0.725 0.245 0.73 0.245 0.735 0.24 0.74 0.24 0.765 0.235 0.77 0.235 0.805 0.23 0.81 0.23 0.845 0.225 0.85 0.225 0.925 0.23 0.93 0.23 0.99 0.27 0.99 0.275 0.995 0.28 0.99 0.285 0.99 0.285 0.67 0.28 0.665
3 0.035 0.58 0.035 0.585 0.03 0.59 0.03 0.595 0.025 0.6 0.025 0.605 0.02 0.61 0.02 0.79 0.015 0.795 0.015 0.85 0.01 0.855 0.01 0.97 0.015 0.975 0.015 0.985 0.02 0.99 0.02 0.995 0.035 0.995 0.035 0.98 0.03 0.975 0.03 0.92 0.035 0.915 0.035 0.835 0.04 0.83 0.04 0.75 0.045 0.745 0.045 0.665 0.04 0.66 0.04 0.655 0.035 0.65
3 0.26 0.005 0.26 0.24 0.265 0.245 0.265 0.275 0.27 0.28 0.27 0.295 0.27 0.28 0.275 0.275 0.275 0.25 0.28 0.245 0.285 0.25 0.285 0.26 0.29 0.265 0.29 0.28 0.295 0.285 0.295 0.29 0.295 0.28 0.3 0.275 0.3 0.255 0.305 0.25 0.31 0.255 0.31 0.265 0.315 0.27 0.315 0.285 0.32 0.29 0.32 0.3 0.32 0.155 0.325 0.15 0.325 0.005
3 0.23 0.005 0.23 0.075 0.225 0.08 0.225 0.15 0.23 0.155 0.23 0.165 0.235 0.17 0.235 0.215 0.24 0.22 0.24 0.225 0.245 0.23 0.245 0.235 0.25 0.24 0.25 0.245 0.25 0.005
3 0.195 0.005 0.195 0.105 0.19 0.11 0.19 0.19 0.195 0.195 0.195 0.23 0.2 0.235 0.2 0.25 0.2 0.125 0.205 0.12 0.215 0.12 0.215 0.005
3 0.685 0.0 0.685 0.305 0.7 0.305 0.7 0.155 0.705 0.15 0.705 0.0
3 0.03 0.0 0.03 0.12 0.025 0.125 0.025 0.27 0.035 0.27 0.04 0.265 0.045 0.265 0.045 0.185 0.04 0.18 0.04 0.09 0.045 0.085 0.045 0.035 0.05 0.03 0.05 0.005 0.035 0.005
