1 0.545 0.095 0.54 0.1 0.51 0.1 0.505 0.105 0.375 0.105 0.37 0.1 0.365 0.105 0.34 0.105 0.335 0.11 0.28 0.11 0.275 0.105 0.24 0.105 0.235 0.11 0.215 0.11 0.205 0.12 0.2 0.12 0.19 0.13 0.185 0.13 0.175 0.14 0.17 0.14 0.16 0.15 0.155 0.15 0.15 0.155 0.155 0.15 0.285 0.15 0.29 0.155 0.33 0.155 0.335 0.16 0.375 0.16 0.38 0.165 0.42 0.165 0.425 0.17 0.465 0.17 0.47 0.175 0.535 0.175 0.54 0.17 0.555 0.17 0.56 0.165 0.575 0.165 0.58 0.16 0.595 0.16 0.6 0.155 0.63 0.155 0.65 0.135 0.64 0.135 0.635 0.13 0.63 0.13 0.625 0.125 0.62 0.125 0.615 0.12 0.605 0.12 0.6 0.115 0.595 0.115 0.59 0.11 0.585 0.11 0.58 0.105 0.565 0.105 0.56 0.1 0.55 0.1
3 0.68 0.745 0.68 0.805 0.675 0.81 0.675 0.93 0.67 0.935 0.67 0.995 0.685 0.995 0.685 0.76 0.68 0.755
3 0.77 0.71 0.77 0.715 0.765 0.72 0.765 0.725 0.76 0.73 0.76 0.74 0.755 0.745 0.755 0.75 0.75 0.755 0.75 0.875 0.745 0.88 0.745 0.995 0.75 0.99 0.75 0.985 0.76 0.975 0.76 0.93 0.755 0.925 0.755 0.845 0.76 0.84 0.76 0.825 0.765 0.82 0.765 0.765 0.77 0.76
3 0.22 0.62 0.22 0.805 0.215 0.81 0.215 0.995 0.235 0.995 0.235 0.81 0.24 0.805 0.24 0.62
3 0.19 0.59 0.19 0.625 0.185 0.63 0.185 0.815 0.18 0.82 0.18 0.935 0.175 0.94 0.175 0.995 0.195 0.995 0.195 0.82 0.2 0.815 0.2 0.61 0.195 0.605 0.195 0.6 0.19 0.595
3 0.26 0.34 0.26 0.375 0.255 0.38 0.255 0.56 0.25 0.565 0.25 0.85 0.245 0.855 0.245 0.995 0.305 0.995 0.305 0.69 0.305 0.695 0.3 0.7 0.3 0.705 0.295 0.71 0.295 0.715 0.29 0.72 0.285 0.715 0.285 0.54 0.29 0.535 0.29 0.345 0.265 0.345
3 0.025 0.285 0.025 0.32 0.03 0.325 0.03 0.415 0.025 0.42 0.025 0.515 0.02 0.52 0.02 0.645 0.015 0.65 0.015 0.995 0.025 0.995 0.025 0.96 0.03 0.955 0.03 0.915 0.035 0.91 0.035 0.57 0.04 0.565 0.04 0.51 0.045 0.505 0.045 0.475 0.04 0.47 0.04 0.455 0.045 0.45 0.045 0.445 0.05 0.44 0.05 0.38 0.045 0.375 0.045 0.32 0.04 0.315 0.04 0.31 0.035 0.305 0.035 0.3 0.03 0.295 0.03 0.29
3 0.995 0.15 0.995 0.155 0.99 0.16 0.99 0.175 0.985 0.18 0.985 0.19 0.98 0.195 0.98 0.21 0.975 0.215 0.975 0.25 0.97 0.255 0.97 0.285 0.975 0.29 0.975 0.295 0.98 0.3 0.98 0.47 0.985 0.475 0.985 0.55 0.99 0.55 0.995 0.555
3 0.84 0.09 0.835 0.095 0.83 0.095 0.825 0.1 0.82 0.1 0.82 0.155 0.835 0.17 0.835 0.465 0.83 0.47 0.83 0.76 0.835 0.765 0.835 0.77 0.84 0.775 0.84 0.81 0.845 0.815 0.845 0.845 0.845 0.805 0.85 0.8 0.85 0.745 0.855 0.74 0.855 0.675 0.85 0.67 0.85 0.615 0.845 0.61 0.845 0.605 0.84 0.6 0.84 0.575 0.845 0.57 0.845 0.54 0.85 0.535 0.85 0.51 0.855 0.505 0.855 0.455 0.86 0.45 0.86 0.18 0.865 0.175 0.87 0.175 0.87 0.155 0.875 0.15 0.875 0.13 0.855 0.11 0.855 0.105
3 0.75 0.005 0.75 0.12 0.76 0.13 0.76 0.135 0.77 0.145 0.77 0.33 0.77 0.27 0.775 0.265 0.775 0.105 0.78 0.1 0.78 0.005
