1 0.85 0.865 0.85 0.935 0.855 0.935 0.855 0.87
1 0.48 0.8 0.48 0.865 0.485 0.87 0.485 0.805
1 0.78 0.77 0.78 0.79 0.775 0.795 0.775 0.835 0.77 0.84 0.77 0.88 0.765 0.885 0.765 0.905 0.76 0.91 0.76 0.915 0.755 0.92 0.755 0.935 0.76 0.94 0.76 0.975 0.765 0.98 0.765 0.995 0.785 0.995 0.785 0.94 0.79 0.935 0.79 0.86 0.785 0.855 0.785 0.8 0.78 0.795
1 0.69 0.76 0.69 0.865 0.7 0.865 0.7 0.76
1 0.64 0.725 0.64 0.75 0.635 0.755 0.635 0.78 0.64 0.78 0.645 0.785 0.645 0.755 0.65 0.75 0.65 0.725
1 0.85 0.49 0.85 0.57 0.845 0.575 0.845 0.59 0.84 0.595 0.84 0.61 0.835 0.615 0.835 0.635 0.845 0.645 0.855 0.635 0.855 0.62 0.86 0.615 0.86 0.53 0.855 0.525 0.855 0.49
1 0.79 0.465 0.79 0.51 0.785 0.515 0.785 0.61 0.78 0.615 0.78 0.66 0.785 0.655 0.79 0.655 0.795 0.65 0.805 0.65 0.805 0.565 0.8 0.56 0.8 0.525 0.795 0.52 0.795 0.485 0.79 0.48
1 0.605 0.45 0.605 0.465 0.6 0.47 0.6 0.495 0.595 0.5 0.595 0.525 0.59 0.53 0.59 0.555 0.585 0.56 0.585 0.57 0.59 0.575 0.59 0.58 0.595 0.585 0.595 0.69 0.61 0.69 0.615 0.685 0.64 0.685 0.645 0.69 0.645 0.67 0.65 0.665 0.65 0.625 0.655 0.62 0.655 0.54 0.66 0.535 0.66 0.485 0.66 0.5 0.655 0.505 0.655 0.535 0.65 0.54 0.65 0.555 0.645 0.56 0.645 0.565 0.64 0.57 0.635 0.57 0.63 0.565 0.63 0.515 0.625 0.51 0.625 0.455 0.61 0.455
1 0.655 0.38 0.655 0.405 0.66 0.41 0.66 0.435 0.665 0.435 0.67 0.44 0.67 0.43 0.665 0.425 0.665 0.4 0.66 0.395 0.66 0.38
2 0.88 0.05 0.875 0.055 0.87 0.055 0.865 0.06 0.855 0.06 0.85 0.065 0.845 0.065 0.84 0.07 0.83 0.07 0.825 0.075 0.82 0.075 0.82 0.08 0.815 0.085 0.815 0.1 0.81 0.105 0.81 0.12 0.805 0.125 0.805 0.14 0.81 0.145 0.81 0.17 0.815 0.175 0.815 0.195 0.82 0.2 0.82 0.215 0.825 0.22 0.825 0.225 0.83 0.23 0.83 0.235 0.835 0.24 0.835 0.245 0.84 0.25 0.84 0.255 0.88 0.255 0.885 0.26 0.89 0.255 0.9 0.255 0.905 0.25 0.915 0.25 0.925 0.24 0.925 0.235 0.945 0.215 0.945 0.21 0.955 0.2 0.955 0.195 0.96 0.19 0.96 0.18 0.965 0.175 0.965 0.17 0.97 0.165 0.97 0.15 0.965 0.145 0.965 0.125 0.96 0.12 0.96 0.09 0.955 0.085 0.955 0.065 0.945 0.065 0.94 0.06 0.935 0.06 0.93 0.055 0.92 0.055 0.915 0.05
3 0.13 0.0 0.13 0.185 0.135 0.19 0.135 0.205 0.14 0.21 0.14 0.25 0.135 0.255 0.135 0.3 0.13 0.305 0.13 0.33 0.135 0.335 0.135 0.35 0.14 0.355 0.14 0.415 0.145 0.42 0.145 0.515 0.15 0.52 0.15 0.575 0.155 0.58 0.155 0.72 0.16 0.725 0.16 0.76 0.165 0.765 0.165 0.795 0.17 0.8 0.17 0.835 0.175 0.84 0.175 0.87 0.17 0.875 0.17 0.895 0.165 0.9 0.165 0.915 0.16 0.92 0.16 0.96 0.165 0.965 0.165 0.995 0.31 0.995 0.31 0.85 0.315 0.845 0.315 0.55 0.32 0.545 0.32 0.3 0.325 0.295 0.325 0.105 0.33 0.1 0.33 0.005 0.285 0.005 0.28 0.0 0.28 0.315 0.275 0.32 0.275 0.45 0.27 0.455 0.27 0.515 0.265 0.52 0.265 0.575 0.26 0.58 0.26 0.84 0.25 0.85 0.24 0.84 0.24 0.655 0.235 0.65 0.235 0.43 0.23 0.425 0.23 0.4 0.225 0.395 0.225 0.195 0.22 0.19 0.22 0.0
